version: 1
creator: callgrind-3.11.0
pid: 23431
cmd:  ./Suite1
part: 1


desc: I1 cache: 
desc: D1 cache: 
desc: LL cache: 

desc: Timerange: Basic block 0 - 230001
desc: Trigger: Program termination

positions: line
events: Ir
summary: 1065714


ob=(3) /lib/x86_64-linux-gnu/libc-2.23.so
fl=(85) /build/glibc-LK5gWL/glibc-2.23/libio/genops.c
fn=(346) _IO_default_uflow
413 2
-1 4
+1 2
cfi=(86) /build/glibc-LK5gWL/glibc-2.23/libio/fileops.c
cfn=(348) _IO_file_underflow@@GLIBC_2.2.5
calls=2 539 
* 416
+1 4
+2 8
+1 4

fn=(350) _IO_doallocbuf
395 4
-1 6
+3 8
+1 6
cfi=(87) /build/glibc-LK5gWL/glibc-2.23/libio/filedoalloc.c
cfn=(352) _IO_file_doallocate
calls=2 95 
* 514
* 4
+3 8

fn=(364) _IO_switch_to_get_mode
176 4
-1 4
+1 2
+3 6
+5 2
-1 4
+1 2
+7 2
-4 2
+2 4
+2 2
+1 2
+1 4

fn=(388) _IO_old_init
586 418
-16 418
+1 418
+15 418
+5 418
-21 418
+2 418
+1 418
+1 418
+17 418
-16 418
+1 418
+1 418
+1 418
+1 418
+1 418
+2 418
+1 418
+1 418
+1 418
+6 418
+1 418

fn=(386) _IO_no_init
599 3762
+1 418
cfn=(388)
calls=418 -14 
* 9196
+3 418
-2 418
+2 418
+22 418
+1 2508
-3 836

fn=(396) _IO_sputbackc
673 1738
+3 1738
-3 1738
+3 3476
+1 6952
+9 1738
+3 3476
-10 5214

fn=(344) __uflow
348 2
+2 6
+6 12
+3 4
+2 4
+6 4
+7 4
+1 2
-1 4
cfn=(346)
calls=2 +39 
* 440
-24 4
+22 6

fn=(580) _IO_cleanup
948 2
+3 1
-3 2
-50 1
+50 1
+3 1
cfn=(582) _IO_flush_all_lockp
calls=1 760 
* 90
-63 1
+63 1
-63 2
+10 6
+8 10
+2 4
+2 2
+1 2
-1 2
+2 4
+3 10
cfi=(86)
cfn=(584) _IO_file_setbuf@@GLIBC_2.2.5
calls=2 450 
* 132
+2 6
+4 4
+7 3
-40 9
+2 6
+2 8
+6 24
+65 7
-42 6
+1 16

fn=(586) _IO_default_setbuf
522 8
+1 2
-1 4
+1 2
cfi=(86)
cfn=(588) _IO_file_sync@@GLIBC_2.2.5
calls=2 868 
* 26
* 4
+9 2
-7 2
+7 2
-7 2
388 2
-5 2
+1 2
+4 2
535 2
+2 2
-2 4
+1 6
+2 8
381 2
527 2
+1 2
-1 2
+1 2
381 8

fn=(446) _IO_default_xsputn
425 2
-3 10
+8 20
+25 30
cfi=(86)
cfn=(442) _IO_file_overflow@@GLIBC_2.2.5
calls=4 808 
* 132
* 8
+2 4
-2 8
+4 1
+1 1
-1 1
+1 5

fn=(456) __overflow
230 351
+2 351
cfi=(86)
cfn=(442)
calls=117 808 
* 6992

fn=(582)
760 8
+6 3
+11 2
+16 2
-17 2
-1 2
+1 3
-1 1
+1 1
+3 9
+10 6
+4 3
-2 3
+2 6
+7 3
-27 6
+31 2
+2 2
+4 9
-38 1
-6 1
+5 1
+2 2
+6 12

fn=(362) _IO_setb
380 1260
+1 1680
+3 420
+2 1680
-3 420
+3 840
+3 1260

fl=(90) /build/glibc-LK5gWL/glibc-2.23/string/../sysdeps/x86_64/memchr.S
fn=(372) memchr
25 226
+1 226
+2 226
+1 226
+1 226
+1 226
+2 226
+1 226
+2 226
+1 226
+2 182
+1 182
+1 182
+1 182
+2 182
+1 141
+1 141
+1 140
+1 140
+1 140
+1 140
+1 140
+1 140
+1 137
+4 44
+1 44
+1 44
+2 44
+2 44
+2 44
+1 44
+1 44
+2 2
+2 2
+1 2
+1 2
+1 2
+1 2
+4 42
+1 42
+1 42
+1 42
+1 42
+1 82
+4 40
+1 40
+1 40
+1 40
+1 40
-4 137
+1 137
+1 137
+1 137
+1 137
+2 143
+1 143
+1 143
+1 143
+1 143
+2 67
+1 67
+1 67
+1 67
+1 67
+2 1
+1 1
+1 1
+1 1
+1 1
+1 1
+88 5
+1 5
+2 3
+1 3
+1 3
+1 3
+1 3
+2 2
+1 2
+1 2
+1 2
+1 2
+19 2
+1 2
+1 2
+1 2
+1 2
+1 2
+13 1
+1 1
+1 1
+4 35
+1 35
+1 35
+4 78
+1 78
+1 78
+4 66
+1 66
+1 66
+4 43
+1 43
+1 43
+1 43
+1 43
+28 1
+1 1

fl=(104) /build/glibc-LK5gWL/glibc-2.23/string/../sysdeps/x86_64/multiarch/strcmp-sse2-unaligned.S
fn=(424) __strcmp_sse2_unaligned
24 3378
+1 3378
+1 3378
+1 3378
+1 3378
+1 3378
+1 3378
+1 3060
+1 3060
+1 3060
+1 3060
+1 3060
+1 3060
+1 3060
+1 3060
+1 3060
+2 3060
+1 3060
+1 3060
+1 3060
+1 3060
+4 113
+1 113
+1 113
+1 113
+1 113
+1 113
+1 113
+1 113
+1 113
+1 113
+1 113
+1 113
+1 113
+1 113
+1 113
+1 113
+1 113
+1 113
+1 113
+1 113
+1 113
+1 113
+1 113
+1 113
+1 113
197 1841
+1 1841
+1 1670
+1 1670
+1 1670
+2 1988
+1 1988
+1 1988
+1 1988
+1 147
+2 147
+1 147
-1 171
+1 171

fl=(64) /build/glibc-LK5gWL/glibc-2.23/elf/dl-altinit.c
fn=(248) dlinit_alt
33 3
+1 1

fl=(87)
fn=(352)
95 10
+15 12
cfi=(86)
cfn=(354) _IO_file_stat
calls=2 1229 
* 28
* 4
+2 8
+11 6
+4 4
cob=(2) ???
cfi=(16) ???
cfn=(358) 0x0000000004c498a0
calls=2 0 
* 366
* 2
+2 2
-1 4
+2 8
cfi=(85)
cfn=(362)
calls=2 380 
* 36
+1 2
+1 10
-15 1
-2 9
+5 2

fl=(114) /build/glibc-LK5gWL/glibc-2.23/string/../sysdeps/x86_64/strchr.S
fn=(520) strchrnul
24 72
+1 72
+1 72
+1 72
+1 72
+1 72
+1 72
+1 72
+1 72
+1 72
+1 72
+1 72
+1 72
+1 72
+1 72
+1 72
+1 72
+1 72
+2 72
+7 72

fl=(68) /build/glibc-LK5gWL/glibc-2.23/csu/../csu/libc-start.c
fn=(266) (below main)
134 7
+4 1
-4 3
+4 3
+82 1
-82 1
+82 1
+1 4
cfi=(69) /build/glibc-LK5gWL/glibc-2.23/stdlib/cxa_atexit.c
cfn=(268) __cxa_atexit
calls=1 57 
* 60
+22 4
+3 2
+1 5
cob=(5) /home/bigno/Uni/Progetto Api/2019/Suite1
cfi=(65) ???
cfn=(272) __libc_csu_init
calls=1 0 
* 56
+4 4
+15 2
+12 2
cfi=(70) /build/glibc-LK5gWL/glibc-2.23/setjmp/../sysdeps/x86_64/bsd-_setjmp.S
cfn=(286) _setjmp
calls=1 30 
* 30
+1 2
+5 2
+1 2
+3 2
+3 6
cob=(5)
cfi=(73) /home/bigno/Uni/Progetto Api/2019/Suite1.c
cfn=(292) main
calls=1 522 
* 971991
+34 2
cfi=(117) /build/glibc-LK5gWL/glibc-2.23/stdlib/exit.c
cfn=(538) exit
calls=1 104 
* 1012
138 2

fl=(117)
fn=(538)
104 1
-1 1
+1 2
cfn=(540) __run_exit_handlers
calls=1 -69 
* 1008

fn=(540)
35 8
+5 1
cfi=(118) /build/glibc-LK5gWL/glibc-2.23/stdlib/cxa_thread_atexit_impl.c
cfn=(542) __call_tls_dtors
calls=1 145 
* 11
* 1
+6 8
+4 6
+3 1
-1 1
+2 5
+33 1
+1 1
-1 1
+1 1
+6 2
+1 5
cfi=(85)
cfn=(580)
calls=1 948 
* 363
* 3
+2 2
cfi=(122) /build/glibc-LK5gWL/glibc-2.23/posix/../sysdeps/unix/sysv/linux/_exit.c
cfn=(590) _Exit
calls=1 -70 
* 5
-19 1
+4 1
-4 1
+2 1
+2 1
-2 2
+2 1
cob=(1) /lib/x86_64-linux-gnu/ld-2.23.so
cfi=(119) /build/glibc-LK5gWL/glibc-2.23/elf/dl-fini.c
cfn=(544) _dl_fini
calls=1 +48 
* 573
+1 1

fl=(118)
fn=(542)
145 3
+1 4
+18 4

fl=(91) /build/glibc-LK5gWL/glibc-2.23/string/../sysdeps/x86_64/multiarch/../memcpy.S
fn=(374) __GI_memcpy
61 832
+2 832
+2 832
+3 690
+1 690
+2 123
+1 123
+2 123
+1 123
+5 123
+1 123
-1 567
+1 567
+2 138
+1 138
+2 138
+1 276
+5 138
+1 138
-1 552
+1 552
+2 135
+1 135
+2 135
+1 135
+5 135
+1 135
-1 555
+1 555
+2 434
+1 434
+2 434
+1 434
+5 434
+1 434
-1 256
+1 512
+5 256
+1 256
+1 256
+1 256
+2 256
+2 256
+1 256
+2 256
+8 690
+8 287
+6 287
+2 287
+1 287
+3 114
+1 342
+5 114
+1 114
+2 114
+2 114
+1 114
+2 114
-8 322
+1 322
+2 322
+2 322
+1 322
+2 550
+9 114
+1 114
-1 173
+1 173
+3 287
+1 287
+1 287
+5 288
+2 288
+1 288
+1 288
+1 288
+2 288
+1 288
+1 288
+1 288
+2 288
+1 288
+2 288
+2 64
+2 64
+1 64
+1 64
+1 64
+2 64
+1 64
+1 64
+1 64
+2 64
+1 64
+2 150
+5 43
+6 43
+1 43
-7 244
+6 244
+1 244
+2 142

fl=(97) /build/glibc-LK5gWL/glibc-2.23/stdio-common/vfscanf.c
fn=(394) _IO_vfscanf
279 4180
+11 418
-11 836
+11 836
+1 418
fi=(98) /build/glibc-LK5gWL/glibc-2.23/stdio-common/../include/scratch_buffer.h
79 418
fe=(97)
291 418
fi=(98)
78 1672
fe=(97)
341 2508
+6 1254
+3 2090
+4 418
+20 418
-20 418
+20 418
-13 836
+6 418
+2 1254
+5 418
-5 418
+5 2508
2671 418
315 418
-30 418
-1 836
+95 418
2671 418
2215 836
334 836
-4 418
-1 418
-1 836
-1 418
-32 418
-12 418
2215 418
383 5214
+37 3960
+23 1320
+1 1320
-1 1320
+1 1320
+3 2255
3024 2090
fi=(98)
86 2090
fe=(97)
3027 1254
+3 836
+17 1672
+6 3762
449 3091
347 836
466 869
223 869
+1 1738
489 3476
-6 2607
+24 1738
+21 869
+7 869
-7 2607
+10 8690
+80 1738
+5 1738
-1 869
+1 869
+1 1672
+3 869
+1 3476
-1 1738
+1 869
-1 869
+1 4345
+6 7920
+3 2640
-3 2640
+3 3960
-3 2640
+3 869
+1 1738
+1 4345
-1 869
+1 3476
+4 869
-4 1738
cfi=(85)
cfn=(396)
calls=869 +34 
* 13035
+4 6952
-7 902
507 7821
288 418
3014 2090
538 1738
639 869
1023 2607
+2 4345
+2 6952
+10 1738
-10 869
+10 2607
+71 8690
+42 22065
1037 14710
1150 7355
1037 22065
+68 14710
+3 7355
-1 14710
+1 14710
+42 44999
+2 1738
+42 869
-2 2607
+2 869
+8 869
-10 869
+10 869
-2 1738
-93 14710
-80 5214
+12 3476
cfi=(85)
cfn=(396)
calls=869 673 
* 13035
+1 869
-15 12166

fl=(46) /build/glibc-LK5gWL/glibc-2.23/string/../sysdeps/x86_64/multiarch/strcmp.S
fn=(422) strcmp
87 1
+2 1
+1 1
+1 1
+12 1

fn=(188) strncasecmp
129 1
+1 1
+1 1
+1 1
+10 1

fn=(178) strcasecmp
109 1
+1 1
+1 1
+1 1
+10 1

fl=(77) /build/glibc-LK5gWL/glibc-2.23/elf/dl-addr.c
fn=(308) _dl_addr
126 9
+5 1
-5 2
+5 2
cob=(1)
cfi=(2) /build/glibc-LK5gWL/glibc-2.23/elf/rtld.c
cfn=(50) rtld_lock_default_lock_recursive
calls=1 704 
* 2
+2 2
cob=(1)
cfi=(66) /build/glibc-LK5gWL/glibc-2.23/elf/../sysdeps/x86_64/dl-trampoline.h
cfn=(261) _dl_runtime_resolve_xsave'2
calls=1 -62 
* 1180
* 5
+2 2
30 1
+1 1
-1 1
+1 1
+3 2
+5 1
+6 1
-7 1
+2 2
+2 1
-2 1
+2 1
+3 1
+5 8
+2 1
+1 2
-1 1010
+1 2020
+2 3628
+9 2010
+7 24
-2 24
+2 2259
-2 2211
+2 5750
-10 11175
+2 8940
+1 14318
+7 1011
-21 2022
+49 3
+1 1
+1 3
+3 2
+37 2
cob=(1)
cfi=(2)
cfn=(52) rtld_lock_default_unlock_recursive
calls=1 710 
* 2
+3 9
-28 1
+1 1
+21 2

fl=(102) /build/glibc-LK5gWL/glibc-2.23/string/../sysdeps/x86_64/multiarch/strcpy-sse2-unaligned.S
fn=(414) __strncpy_sse2_unaligned
43 34
+1 34
+1 34
+2 34
+2 34
+5 34
+1 34
+1 34
295 34
+1 34
+1 34
+1 34
+1 34
+6 34
+2 34
+2 34
+1 34
+2 10
+1 10
+1 10
+6 10
+2 10
+2 10
+1 10
+26 10
+1 10
+2 10
+3 10
+1 40
-1 24
+1 96
532 2
+5 2
+1 2
+1 2
+6 3
+1 3
+5 3
+1 3
+1 3
+6 4
+1 4
+1 4
+5 4
+1 4
+1 4
+6 1
+1 1
+5 1
+1 1
+1 1
+37 2
+1 2
+1 2
+1 2
+5 2
+1 2
+1 2
+6 5
+1 5
+5 5
+1 5
+1 5
+6 1
+1 1
+1 1
+5 1
+1 1
+1 1
+6 3
+1 3
+1 3
+1 3
+5 3
+1 3
+1 3
+6 5
+1 5
+1 5
+1 5
+5 5
+1 5
+1 5
+22 1
+1 1
+1 1
+1 1
+5 1
+1 1
+1 1
+6 1
+1 1
+1 1
+1 1
+5 1
+1 1
+1 1
+6 3
+1 3
+1 3
+1 3
+5 3
+1 3
+1 3
+6 3
+1 3
+5 3
+1 3
+1 3
1546 34
1653 34
+1 34
+1 34
+1 34
+2 34
+1 34
+2 34
+1 34
+1 34
+1 34
+1 34
+1 34
+12 34
+1 34
+1 34
+1 34
+1 34
+1 34
+1 34
+1 21
+1 21
+1 84
+10 13
+1 52

fl=(108) /build/glibc-LK5gWL/glibc-2.23/string/../sysdeps/x86_64/memcpy.S
fn=(466) __GI_mempcpy
61 164
+4 164
+3 164
+1 164
+2 43
+1 43
+2 43
+1 43
+5 43
+1 43
-1 121
+1 121
+2 89
+1 89
+2 89
+1 89
+5 89
+1 89
-1 75
+1 75
+2 16
+1 16
+2 16
+1 16
+5 16
+1 16
-1 148
+1 148
+2 69
+1 69
+2 69
+1 138
+5 69
+1 69
-1 95
+1 102
+5 7
+1 7
+1 7
+1 7
+2 7
+2 7
+1 7
+2 7
+6 164
+4 164

fl=(83) /build/glibc-LK5gWL/glibc-2.23/libio/iofgets.c
fn=(338) fgets
37 225
-5 675
+5 225
+2 1125
+8 3825
+4 225
+1 225
+1 225
-1 225
+1 900
-2 225
+2 450
cfi=(84) /build/glibc-LK5gWL/glibc-2.23/libio/iogetline.c
cfn=(340) _IO_getline
calls=225 -19 
* 34849
+3 1125
+5 450
+3 450
fi=(92) /build/glibc-LK5gWL/glibc-2.23/libio/libioP.h
866 450
+1 1800
fe=(83)
67 1125

fl=(51) /build/glibc-LK5gWL/glibc-2.23/string/../sysdeps/x86_64/multiarch/strspn.S
fn=(192) strspn
30 1
+1 1
+1 1
+1 1
+1 1
+1 1

fl=(120) /build/glibc-LK5gWL/glibc-2.23/stdlib/cxa_finalize.c
fn=(566) __cxa_finalize
31 4
+17 1
-17 4
+4 4
+4 6
-4 3
+32 4
+4 6
-4 3
+12 2
+3 1
-2 1
+2 6
-2 1
cfi=(121) /build/glibc-LK5gWL/glibc-2.23/nptl/unregister-atfork.c
cfn=(568) __unregister_atfork
calls=1 -52 
* 10

fl=(69)
fn=(270) __new_exitfn
73 2
+6 1
-6 1
+6 1
-6 1
+6 4
+2 6
+2 3
-2 1
+10 2
-10 2
+45 1
+1 1
+3 4
+3 5
-21 1
+1 2

fn=(268)
57 5
-22 1
+22 1
-22 1
cfn=(270)
calls=1 +38 
* 38
+2 2
+4 1
+3 1
+1 1
-4 2
+2 1
+4 1
+1 1
+11 4

fl=(86)
fn=(366) _IO_file_read
1216 8
cfi=(89) /build/glibc-LK5gWL/glibc-2.23/io/../sysdeps/unix/syscall-template.S
cfn=(368) read
calls=2 84 
* 14

fn=(444) _IO_do_write@@GLIBC_2.2.5
494 96
+1 1
-3 248
+11 62
+7 124
+8 155
cfn=(458) _IO_file_write@@GLIBC_2.2.5
calls=31 1258 
* 1364
* 31
+1 155
+6 31
-4 31
+4 31
-4 93
+1 62
+3 31
-2 31
-29 124
+1 186
+29 62

fn=(440) _IO_file_xsputn@@GLIBC_2.2.5
1287 237
-1 474
-6 1650
+13 660
+17 4
+4 164
+5 656
cfi=(108)
cfn=(466)
calls=164 61 
* 3296
* 164
+6 164
-1 164
+1 328
+2 328
+27 330
+1 1392
-24 5
cfn=(442)
calls=1 808 
* 337
* 2
+6 2
+1 3
+2 3
+11 2
+1 4
cfi=(85)
cfn=(446)
calls=1 425 
* 222
* 2
-57 492
+1 328
+3 492
+2 2847
-2 2226
+39 4

fn=(442)
808 366
+7 122
-8 610
+8 606
+35 244
+3 242
+3 363
+1 363
+1 484
+4 121
+1 484
-45 2
+12 2
+9 4
+8 1
-4 1
+3 2
-2 2
-3 1
+1 2
+5 1
-1 1
+1 3
+1 2
+12 31
-1 124
cfn=(444)
calls=31 494 
* 2914
* 62
-8 2
+12 3
-12 1
cfn=(444)
calls=1 494 
* 4
-31 2
cfi=(85)
cfn=(350)
calls=1 395 
* 283
+1 6

fn=(588)
868 2
+5 2
-5 2
+5 6
+2 2
+1 4
+17 4
+4 4

fn=(458)
1258 31
-2 186
+2 124
+4 62
+1 62
+10 93
+3 186
-13 124
cfi=(89)
cfn=(460) write
calls=31 84 
* 217
+1 62
+5 31
+1 31
-12 155

fn=(348)
539 6
+6 6
-14 8
+17 4
+13 4
+20 4
cfi=(85)
cfn=(364)
calls=2 176 
* 40
+6 2
+5 8
-5 4
+1 2
+2 2
-1 4
+3 2
cfn=(366)
calls=2 1216 
* 22
+2 4
+16 2
-9 2
+9 4
+2 4
+1 8
-62 3
+5 2
cfi=(85)
cfn=(350)
calls=1 395 
* 267
* 2

fn=(354)
1229 2
+1 6
cfi=(88) /build/glibc-LK5gWL/glibc-2.23/io/../sysdeps/unix/sysv/linux/wordsize-64/fxstat.c
cfn=(356) _fxstat
calls=2 34 
* 20

fn=(584)
450 4
+1 2
cfi=(85)
cfn=(586)
calls=2 +71 
* 102
* 4
+4 4
-1 4
+2 6
+2 2
+1 4

fl=(82) /build/glibc-LK5gWL/glibc-2.23/string/../sysdeps/x86_64/multiarch/../memset.S
fn=(330) __GI_memset
53 26
+1 26
+1 26
+1 26
+1 26
+2 26
+1 26
+17 26
+1 26
+1 26
+1 26
+1 26
+1 26
+1 26
+1 26
+1 26
+1 26
+1 26
+1 26
+1 26
+1 52
+3 26
+1 26
+1 26
+1 26
+1 26
+1 26
+1 26
-6 3598
+1 3598
+1 3598
+1 3598
+1 3598
+1 3598
+1 3598
+1 26

fl=(106) /build/glibc-LK5gWL/glibc-2.23/libio/iofwrite.c
fn=(438) fwrite
31 215
+1 86
+3 86
+2 774
+1 386
+1 4
cfi=(86)
cfn=(440)
calls=1 1287 
* 617
* 168
cfi=(86)
cfn=(440)
calls=42 1287 
* 3294
* 129
fi=(92)
866 86
fe=(106)
45 86
+4 43
-3 43
+3 215
fi=(92)
867 387
fe=(106)

fl=(61) /build/glibc-LK5gWL/glibc-2.23/ctype/ctype-info.c
fn=(238) __ctype_init
31 5
+2 1
+2 1
-4 1
+4 1
-4 1
+2 3
+2 3

fl=(96) /build/glibc-LK5gWL/glibc-2.23/string/../sysdeps/x86_64/rawmemchr.S
fn=(392) rawmemchr
25 418
+1 418
+2 418
+1 418
+2 418
+1 418
+2 418
+1 418
+2 418
+1 418
+2 418
+1 418
+2 418
+1 358
+1 358
+1 358
+28 358
+1 358
+1 358
+1 358
+1 358
+2 258
+1 258
+1 258
+1 258
+1 258
+2 22
+1 22
+1 22
+1 22
+1 22
+93 160
+1 160
+1 160
+4 236
+1 236
+1 236
+4 22
+1 22
+1 22

fl=(121)
fn=(568)
28 4
+8 1
+3 2
+82 3

fl=(109) /build/glibc-LK5gWL/glibc-2.23/stdlib/msort.c
fn=(482) qsort_r
166 1788
+6 149
-6 149
+6 149
-5 147
+8 294
+64 149
-5 149
+1 149
+1 149
+1 149
+2 149
+4 6
+2 2
+2 2
-2 2
+2 30
+2 2
+1 4
-1 1
+1 2
-1 2
+1 4
-1 4
45 2
252 2
+1 2
45 7
cfn=(492) msort_with_tmp.part.0
calls=1 -5 
* 145
247 8
+14 12
+4 4
cfi=(91)
cfn=(374)
calls=1 61 
* 42
* 3
+4 2
+1 1
-1 1
+2 1
-2 1
+2 1
-2 1
+2 1
cfi=(91)
cfn=(374)
calls=1 61 
* 42
+3 1
-2 2
+2 1
+2 2
+3 1
-1 1
+1 2
cfi=(91)
cfn=(374)
calls=1 61 
* 42
-19 15
+39 104
cob=(2)
cfi=(16)
cfn=(484) 0x0000000004c498a8
calls=52 0 
* 936
+1 1192
173 4
+2 4
+2 149
-9 149
+9 894
300 294
-15 294
+2 294
+2 294
+4 40
+2 20
45 829
cfn=(492)
calls=97 -5 
* 92309
299 194
cob=(2)
cfi=(16)
cfn=(484)
calls=97 0 
* 1746
* 97
-39 2
+30 254
+1 254

fn=(492)
40 490
+8 98
-8 196
+8 98
+3 98
-11 196
+9 98
+2 98
-11 294
+11 98
-6 403
cfn=(493) msort_with_tmp.part.0'2
calls=69 -5 
* 27671
* 524
cfn=(493)
calls=82 -5 
* 39782
+11 98
+1 98
-1 98
+2 98
-1 98
+2 98
+1 98
-1 98
+1 255
+62 5
+10 1
+2 1
-1 2
+3 1
-14 4
+2 4
cob=(5)
cfi=(73)
cfn=(526) rel_compare
calls=1 227 
* 25
* 2
+3 36
-67 162
+39 202
+6 216
-1 54
+1 54
cob=(5)
cfi=(73)
cfn=(494) dest_compare
calls=54 287 
* 1350
* 108
+8 6
+2 6
-1 6
+3 1026
-18 54
+5 54
-5 108
+59 196
+2 588
+1 686
-1 98
cfi=(91)
cfn=(374)
calls=98 -99 
* 3311
-42 648
-1 216
+1 216
-1 270
-8 144
-1 144
+51 25
cfi=(91)
cfn=(374)
calls=5 -98 
* 110
* 5
-78 395
+10 22
+2 22
-1 44
+3 22
-14 44
+11 242
+3 242
-14 858
+2 1056
cob=(5)
cfi=(73)
cfn=(498) string_compare
calls=264 +74 
* 6684
* 528
+2 242
+2 242
-1 484

fn=(493)
40 2190
+8 438
-8 876
+8 438
+3 438
-11 876
+9 438
+2 438
-11 1314
+11 438
-6 1173
cfn=(493)
calls=99 -5 
* 16767
* 1628
cfn=(493)
calls=188 -5 
* 36410
+11 438
+1 438
-1 438
+2 438
-1 438
+2 438
+1 438
-1 438
+1 1095
+67 146
-67 657
+39 589
+6 392
-1 98
+1 98
cob=(5)
cfi=(73)
cfn=(494)
calls=98 287 
* 2480
* 196
+8 24
+2 24
-1 24
+3 1862
-18 98
+5 98
-5 317
+59 876
+2 2628
+1 3066
-1 438
cfi=(91)
cfn=(374)
calls=438 -99 
* 10171
-42 1176
-1 392
+1 392
-1 490
-8 222
-1 222
+51 310
cfi=(91)
cfn=(374)
calls=62 -98 
* 1256
* 62
-78 1825
+10 101
+2 101
-1 202
+3 101
-14 202
+11 439
+3 439
-14 1324
+2 2160
cob=(5)
cfi=(73)
cfn=(498)
calls=540 +74 
* 13635
* 1080
+2 439
+2 439
-1 878

fn=(480) qsort
308 298
cfn=(482)
calls=149 166 
* 104329

fl=(111) /build/glibc-LK5gWL/glibc-2.23/string/../sysdeps/x86_64/strlen.S
fn=(506) strlen
66 86
+1 86
+1 86
+1 86
+1 86
+1 86
+1 86
+2 86
+2 86
+30 86
+1 86
+1 86
+1 86
+1 86
+1 79
+1 79
+4 7
+1 7
+1 7
+1 7
+1 7
+1 7
+1 7
+1 7
+1 7
+1 7
+1 7
+1 7
+5 56

fl=(52) /build/glibc-LK5gWL/glibc-2.23/time/../sysdeps/unix/sysv/linux/x86/gettimeofday.c
fn=(194) gettimeofday
37 1
-1 1
+1 6
fi=(48) /build/glibc-LK5gWL/glibc-2.23/time/../sysdeps/generic/dl-hash.h
+11 3
+14 4
-17 3
+3 9
+14 12
-17 9
fe=(52)
-8 3
+3 2
-3 1
+3 1
cfi=(49) /build/glibc-LK5gWL/glibc-2.23/elf/../sysdeps/unix/sysv/linux/dl-vdso.c
cfn=(184) _dl_vdso_vsym
calls=1 -13 
* 6
+1 3
+1 2

fl=(49)
fn=(184)
27 8
+4 8
-3 8

fl=(53) ???
fn=(198) memcpy@GLIBC_2.2.5
0 22

fl=(112) /build/glibc-LK5gWL/glibc-2.23/debug/fprintf_chk.c
fn=(516) __fprintf_chk
26 396
+4 540
+1 72
+1 36
+2 36
+1 108
-1 180
+1 36
cfi=(113) /build/glibc-LK5gWL/glibc-2.23/stdio-common/vfprintf.c
cfn=(518) vfprintf
calls=36 1236 
* 16739
+3 36
-3 36
+4 36
-1 36
+1 36
fi=(116) /build/glibc-LK5gWL/glibc-2.23/debug/../libio/libioP.h
875 36
+1 36
-1 36
+1 36
+1 288
fe=(112)
43 180

fl=(75) /build/glibc-LK5gWL/glibc-2.23/malloc/hooks.c
fn=(302) malloc_hook_ini
29 4
fi=(76) /build/glibc-LK5gWL/glibc-2.23/malloc/arena.c
260 1
fe=(75)
30 1
fi=(76)
260 1
fe=(75)
30 1
fi=(76)
260 1
fi=(74) /build/glibc-LK5gWL/glibc-2.23/malloc/malloc.c
2911 7
+2 3
cfn=(318) _int_malloc
calls=1 3349 
* 1035
+3 1
-3 1
+3 1
+8 4
+2 11
fe=(75)
33 4
fi=(74)
2911 6
+12 1
cfi=(76)
cfn=(306) ptmalloc_init.part.5
calls=1 258 
* 58034
* 1
-15 2
fe=(75)

fl=(80) /build/glibc-LK5gWL/glibc-2.23/misc/sbrk.c
fn=(326) sbrk
34 12
+8 12
-8 36
+8 69
+4 24
+4 21
+12 35
-19 2
cfi=(81) /build/glibc-LK5gWL/glibc-2.23/misc/../sysdeps/unix/sysv/linux/x86_64/brk.c
cfn=(328) brk
calls=1 -12 
* 12
* 4
+15 10
cfi=(81)
cfn=(328)
calls=5 -27 
* 60
* 10
+4 25
-12 15

fl=(74)
fn=(320) malloc_consolidate
4144 6
-22 16
+23 6
+12 2
5002 2
4147 2
+11 2
-1 2
5004 2
-2 2
+2 10
4160 4
+1 4
-1 36
+1 42
+22 30
-1 30
+1 446
+4 14
+4 14
-3 14
+1 14
+2 14
-4 18
+4 18
-3 18
+1 18
+2 18
+1 15
+1 15
+3 15
+1 15
+1 15
-2 15
+12 15
-12 15
+3 30
+9 15
-12 17
+1 17
+1 17
-2 17
+12 17
-12 17
+3 34
+9 17
-41 33
-3 33
+3 66
+1 33
+1 66
+2 66
+1 1
+2 1
-1 1
+2 18
+3 66
+3 64
+4 4
+19 2
+4 1
-4 1
+1 2
+3 4
+3 4
-3 2
+3 76
+6 16
4996 4
1808 3
-3 2
+3 378
-3 252
+7 3
+5 1
+2 1
-2 2
-1 3

fn=(486) free
2934 1045
+5 418
+1 418
+6 418
+5 60
-2 60
+2 120
+16 180
+1 120
cfn=(534) _int_free
calls=60 3841 
* 7816
+1 1254

fn=(318)
3349 186
-30 124
+30 62
-30 248
+30 186
-30 62
+30 186
+4 186
+14 124
+2 102
+2 34
-1 34
-1 34
+1 34
+5 68
+29 124
+2 102
+1 102
+2 34
-2 34
+2 68
+39 256
+1 56
+1 2
cfn=(320)
calls=1 4144 
* 651
3819 868
-2 62
+2 62
-2 62
+2 124
5002 62
3817 62
+2 62
5004 62
3819 62
5004 62
3819 186
5004 124
3819 248
5002 124
3469 310
3833 558
3603 124
+73 124
+1 124
+1 124
+1 124
+1 124
+5 124
+4 186
+3 148
-3 111
+3 136
-3 68
+3 102
3792 62
+3 62
-2 124
+2 124
+17 4
3605 84
+3 28
-3 28
+3 84
3448 9
1879 8
3448 21
3827 6
cfn=(322) sysmalloc
calls=2 2268 
* 421
+1 4
-28 60
-3 60
+1 60
+2 60
-1 60
+1 120
+2 60
-2 240
+2 60
+3 60
1879 180

fn=(360) malloc
2902 6
+5 4
+1 4
+3 16
+2 6
cfn=(318)
calls=2 3349 
* 272
+3 2
-3 2
+3 2
+8 8
+2 22
+3 8
-18 12

fn=(534)
3841 540
+13 60
-13 60
+13 120
+6 240
+1 120
+11 240
+13 120
+11 136
+1 102
1886 34
3921 34
1886 68
3923 102
+1 68
+4 34
-4 34
+1 34
+9 238
+9 136
+2 34
+2 204
4105 480
3960 52
+1 78
+15 52
+8 78
+6 52
+1 52
+1 52
1886 78
4001 52
+1 12
+2 12
-1 12
+2 204
+3 52
+5 42
+1 105
+1 7
+11 7
-1 7
+2 14
-1 14
-1 14
+2 28
+7 21
-2 21
+1 21
+1 21
+2 21
+1 21
+2 21
+1 21
+2 63
+1 21
+30 52
+1 10
+3 15
3962 130
+8 26
-4 26
+4 78
-7 52
4093 78
+1 78
+1 130
3949 136
+68 28
-3 21
+61 4
cfn=(320)
calls=2 +69 
* 1680
* 2
-21 5
+1 15
+1 10
-80 130
4079 25
+2 16
cfn=(536) systrim.isra.2
calls=4 2759 
* 499
* 4

fn=(536)
2759 28
+11 12
+2 4
+1 8
-4 4
+8 12
+2 8
-5 1
+49 32
-37 15
cfi=(79) /build/glibc-LK5gWL/glibc-2.23/malloc/morecore.c
cfn=(324) __default_morecore
calls=3 46 
* 75
* 3
+1 12
+12 9
cfi=(79)
cfn=(324)
calls=3 46 
* 147
+2 6
+1 6
+2 6
cfi=(79)
cfn=(324)
calls=3 46 
* 75
+2 3
+2 6
+4 6
+4 6
-1 3
+1 6
+2 6

fn=(300) calloc
3172 60
+15 60
-15 180
+10 60
+5 120
-15 60
+10 60
+5 120
+8 120
+1 120
+12 413
+6 59
+8 59
-7 118
+7 118
+14 177
cfn=(318)
calls=59 3349 
* 8600
+3 59
-3 59
+3 531
+10 118
+1 236
+3 118
+6 177
+52 204
3208 354
+62 59
-3 59
+3 413
+11 59
+1 118
+1 118
+2 118
+8 34
-3 34
+1 34
+1 68
+1 34
+4 34
-2 34
+1 34
+1 34
+4 34
-2 34
+1 34
+1 34
+2 34
+1 68
-18 50
+25 125
-25 25
cfi=(82)
cfn=(330)
calls=25 53 
* 24158
+25 5
-25 1
cfi=(82)
cfn=(330)
calls=1 53 
* 1808
-87 3
cfi=(75)
cfn=(302)
calls=1 29 
* 59120
+4 1
-3 1
+3 2
-3 1

fn=(322)
2268 16
+20 2
+11 2
-11 2
+11 2
+1 10
fi=(76)
488 6
fe=(74)
2315 10
+65 2
+1 6
+10 2
-9 2
+9 8
+6 8
+3 6
2723 4
+1 2
+8 8
+5 2
-3 2
+3 2
-2 2
+2 6
+1 2
-1 2
-1 2
+4 2
-3 4
+1 2
+8 18
2391 7
+72 2
-8 8
+8 2
+21 10
cfi=(79)
cfn=(324)
calls=2 46 
* 109
* 2
+1 2
+3 8
+3 4
+1 4
+20 4
+26 4
+2 4
+6 2
-6 2
+6 4
+1 5
2321 2
2464 2
+10 10
+8 2
-8 2
+8 2
+67 7
+37 2
+6 3
+19 1
+3 2
+1 5
+2 1
-2 1
+2 1
+1 3
cfi=(79)
cfn=(324)
calls=1 46 
* 25
+12 2
+8 1
+1 1
-1 2
+1 2
+39 1
+1 1
-2 1
+1 3
+12 1
-12 1
+1 1
+11 1
2539 5

fl=(81)
fn=(328)
31 48
+8 6
-6 12
+7 6

fl=(101) /build/glibc-LK5gWL/glibc-2.23/string/../sysdeps/x86_64/multiarch/strcpy.S
fn=(412) strncpy
64 1
+1 1
+1 1
+1 1
+5 1

fl=(84)
fn=(342) _IO_getline_info
49 2250
+2 225
-2 675
+2 225
+2 675
+2 900
+29 226
+1 452
-1 226
+1 452
cfi=(90)
cfn=(372)
calls=226 -60 
* 7830
+1 226
-1 226
+1 226
+14 3
+3 1
-1 1
-2 1
cfi=(91)
cfn=(374)
calls=1 -39 
* 18
+1 1
-46 2
+2 684
+1 456
+2 4
cfi=(85)
cfn=(344)
calls=2 348 
* 492
+1 4
+6 4
+11 2
-1 4
-22 4
+34 225
+1 225
-2 225
+1 225
-1 225
+2 450
+2 225
+2 450
+2 1125
cfi=(91)
cfn=(374)
calls=225 -35 
* 12052
+1 225
+1 225
-1 225
+10 1800
-53 2

fn=(340)
34 450
cfn=(342)
calls=225 +15 
* 34399

fl=(89)
fn=(368)
84 4
cfn=(370) __read_nocancel
calls=2 * 
* 10

fn=(460)
84 62
cfn=(462) __write_nocancel
calls=31 * 
* 155

fn=(370)
84 10

fn=(462)
84 155

fl=(115) /build/glibc-LK5gWL/glibc-2.23/stdio-common/_itoa.c
fn=(522) _itoa_word
168 144
+2 72
+9 732
+9 72

fl=(93) /build/glibc-LK5gWL/glibc-2.23/stdio-common/isoc99_sscanf.c
fn=(382) __isoc99_sscanf
26 2926
+4 418
+1 418
-1 2090
+1 418
cfi=(94) /build/glibc-LK5gWL/glibc-2.23/stdio-common/isoc99_vsscanf.c
cfn=(384) __isoc99_vsscanf
calls=418 +2 
* 489862
+4 836

fl=(113)
fn=(518)
1236 288
+31 108
+8 108
+4 180
+11 180
+11 36
fi=(123) /build/glibc-LK5gWL/glibc-2.23/stdio-common/printf-parse.h
108 108
fe=(113)
1316 36
-15 180
fi=(123)
108 36
cfi=(114)
cfn=(520)
calls=36 -84 
* 720
fe=(113)
1316 36
fi=(123)
108 36
fe=(113)
1312 36
+4 72
+4 288
cfi=(86)
cfn=(440)
calls=36 -33 
* 144
* 144
1685 180
+1 72
+2 36
+1 288
1275 72
+41 216
+1 216
+3 72
+4 36
-4 36
+4 72
+4 432
1552 72
-21 72
1632 72
-1 72
1370 540
-7 36
-1 36
-3 36
-1 36
+8 36
+4 36
-3 36
-10 36
-1 36
-1 36
-1 36
-1 36
+14 36
-15 36
-1 36
-1 36
-1 36
+18 72
1649 36
+2 72
+8 36
fi=(123)
108 72
fe=(113)
1659 36
fi=(123)
108 36
fe=(113)
1659 36
fi=(123)
108 72
cfi=(114)
cfn=(520)
calls=36 -84 
* 720
fe=(113)
1663 36
-4 36
+4 396
cfi=(86)
cfn=(440)
calls=36 1287 
* 144
* 468
+2 108
-34 2124
cfi=(86)
cfn=(440)
calls=36 1287 
* 2687
* 360
+1 72
-1 432
cfi=(115)
cfn=(522)
calls=36 168 
* 1020
* 1764

fl=(122)
fn=(590)
27 2
+4 1
+2 2

fl=(70)
fn=(286)
30 1
+2 1
cfi=(71) /build/glibc-LK5gWL/glibc-2.23/setjmp/../sysdeps/x86_64/setjmp.S
cfn=(288) __sigsetjmp
calls=1 -6 
* 28

fl=(88)
fn=(356)
34 2
-1 2
+1 2
+1 12
+4 2

fl=(60) /build/glibc-LK5gWL/glibc-2.23/string/../sysdeps/x86_64/strrchr.S
fn=(236) rindex
24 1
+1 1
+1 1
+1 1
+1 1
+1 1
+1 1
+1 1
+1 1
+1 1
+1 1
+1 1
+1 1
+1 1
+1 1
+1 1
+1 1
+1 1
+1 1
+1 1
+1 1
+1 1
+1 1
+1 1

fl=(62) /build/glibc-LK5gWL/glibc-2.23/string/../sysdeps/x86_64/cacheinfo.c
fn=(242) handle_intel
262 4
-1 4
+17 2
-17 12
+14 2
+1 4
-3 6
+23 8
cfn=(244) intel_check_word
calls=2 133 
* 666
+1 4
+3 10
cfn=(244)
calls=2 133 
* 238
+1 4
-17 4
+5 2
-5 6
+5 2
+2 2
+1 2
-1 4
+27 16

fn=(244)
133 8
+6 4
-7 20
+7 16
-7 4
+7 4
+2 4
-2 4
+2 4
+68 8
+3 24
-69 4
+2 8
-2 6
+2 12
+8 20
+51 16
+22 8
fi=(63) /build/glibc-LK5gWL/glibc-2.23/string/../bits/stdlib-bsearch.h
27 8
+1 16
+3 16
+1 8
fe=(62)
+89 16
fi=(63)
-90 12
+1 6
fe=(62)
+89 12
+3 54
fi=(63)
-95 44
+2 44
-2 44
+2 80
+1 40
fe=(62)
+89 80
251 8
141 16
-6 2
256 24
fi=(63)
37 10
-8 24
fe=(62)
165 6
+3 6
+4 4
+2 4
+1 14
+2 7
-12 2
+12 2
+1 10
+1 10
+1 6
+17 3
-32 9
+3 9
+4 6
+2 6
+1 12
+2 12
+5 2
+2 4
+2 32

fn=(240) init_cacheinfo
482 2
+12 1
-12 3
+12 3
+2 4
cfn=(242)
calls=1 262 
* 455
+4 2
-4 1
+4 1
cfn=(242)
calls=1 262 
* 547
+2 1
-2 1
-1 1
+3 1
+9 2
+2 1
+1 1
+2 1
+5 2
+9 4
-9 4
+9 16
-9 12
+6 8
+69 4
+1 5
+55 2
+2 1
+1 1
+2 1
-3 1
+5 1
-5 1
+4 3
+4 2
+2 1
+1 1
+2 1
-3 1
+5 1
-5 1
+4 2
+3 1
-3 1
+3 5
532 1
+32 1
-26 6
+7 5
+2 1
+1 1
+1 2
-4 4
+2 1
+1 1
+1 6
+2 2
-6 2
+6 2
+5 1
+2 2
+1 1
-1 1
+1 3
+6 1
-1 1
+1 5

fl=(107) /build/glibc-LK5gWL/glibc-2.23/libio/fputc.c
fn=(454) fputc
32 117
+3 117
-3 234
+3 1638
+1 351
fi=(92)
866 234
+1 936
fe=(107)
39 351
-3 351
cfi=(85)
cfn=(456)
calls=117 230 
* 7694
* 234

fl=(110) /build/glibc-LK5gWL/glibc-2.23/libio/iofputs.c
fn=(504) fputs
32 430
+1 86
cfi=(111)
cfn=(506)
calls=86 +33 
* 1502
* 86
+3 1290
+1 258
+1 430
cfi=(86)
cfn=(440)
calls=86 1287 
* 10096
* 86
+1 86
-1 86
fi=(92)
866 172
fe=(110)
37 172
fi=(92)
867 688
fe=(110)
42 430

fl=(71)
fn=(288)
26 1
+9 1
+1 2
+1 1
+4 1
+1 1
+1 1
+1 1
+1 1
+2 2
+2 1
+1 1
+1 1
+2 2
+2 1
+9 1
cfi=(72) /build/glibc-LK5gWL/glibc-2.23/setjmp/sigjmp.c
cfn=(290) __sigjmp_save
calls=1 -36 
* 9

fl=(56) /build/glibc-LK5gWL/glibc-2.23/csu/../csu/init-first.c
fn=(228) _init
52 8
+6 3
+14 1
fi=(58) /build/glibc-LK5gWL/glibc-2.23/csu/../sysdeps/unix/sysv/linux/x86_64/init-first.c
-36 1
fe=(56)
+34 1
+1 1
fi=(58)
-35 3
fe=(56)
+36 1
fi=(58)
-36 3
fi=(57) /build/glibc-LK5gWL/glibc-2.23/csu/../sysdeps/generic/dl-hash.h
+12 3
+14 4
-17 3
+3 9
+14 12
-17 9
fi=(58)
-9 3
+2 2
-2 1
+2 2
cfi=(49)
cfn=(184)
calls=1 -11 
* 6
+1 2
+5 2
-3 2
+1 1
+2 1
cfi=(49)
cfn=(184)
calls=1 -17 
* 6
fe=(56)
+42 3
fi=(58)
-41 2
+1 1
fe=(56)
+40 1
cfi=(59) /build/glibc-LK5gWL/glibc-2.23/misc/init-misc.c
cfn=(234) __init_misc
calls=1 -55 
* 48
+8 1
cfi=(61)
cfn=(238)
calls=1 -63 
* 16
+5 6
-34 1
-7 1
+7 4
fi=(58)
-25 2
fe=(56)

fl=(59)
fn=(234)
31 2
-1 3
+1 4
+2 3
cfi=(60)
cfn=(236)
calls=1 -9 
* 24
+4 5
+1 3
+2 4

fl=(76)
fn=(306)
258 6
+13 1
-8 1
+8 1
+6 3
+2 5
+16 2
-56 54
-18 165
+2 108
+1 2
+1 2
340 2
+6 2
+1 2
+2 1
+1 7
-78 5
cfi=(77)
cfn=(308)
calls=1 126 
* 57659
* 2
+1 4

fl=(72)
fn=(290)
28 1
+1 1
-1 2
+1 2
+5 3

fl=(47) /build/glibc-LK5gWL/glibc-2.23/time/../sysdeps/unix/sysv/linux/x86/time.c
fn=(180) time
38 1
-1 1
+1 6
fi=(48)
+10 3
+14 4
-17 3
+3 9
+14 12
-17 9
fe=(47)
-7 3
+3 2
-3 1
+3 1
cfi=(49)
cfn=(184)
calls=1 -14 
* 6
+1 3
+1 2

fl=(79)
fn=(324)
46 12
+1 12
cfi=(80)
cfn=(326)
calls=12 -13 
* 347
+1 36
+4 24

fl=(95) /build/glibc-LK5gWL/glibc-2.23/libio/strops.c
fn=(390) _IO_str_init_static_internal
36 3344
+4 836
+1 1254
cfi=(96)
cfn=(392)
calls=418 -16 
* 10952
* 418
+5 2090
cfi=(85)
cfn=(362)
calls=418 380 
* 7524
+5 418
-3 418
+1 418
+1 418
+1 418
+13 418
+1 2508
-6 418
+1 418
+1 836

fl=(94)
fn=(384)
33 2926
+6 836
-6 418
+6 1254
-2 418
+2 418
cfi=(85)
cfn=(386)
calls=418 599 
* 18392
+1 418
+1 1672
-1 418
+1 418
cfi=(95)
cfn=(390)
calls=418 -5 
* 33106
+2 1672
-1 418
+1 418
cfi=(97)
cfn=(394)
calls=418 279 
* 424152
+2 2508

fl=(50) /build/glibc-LK5gWL/glibc-2.23/string/../sysdeps/x86_64/multiarch/strcspn.S
fn=(190) strpbrk
45 1
+1 1
+1 1
+1 1
+1 1
+1 1

fn=(186) strcspn
45 1
+1 1
+1 1
+1 1
+1 1
+1 1

fl=(105) /build/glibc-LK5gWL/glibc-2.23/string/../sysdeps/x86_64/multiarch/memcpy-avx-unaligned.S
fn=(430) __memmove_avx_unaligned
41 213
+4 213
+1 213
+1 213
+1 213
+1 213
+1 213
+38 213
+1 213
+1 213
+1 213
+1 213
+1 213
+1 213
+1 213
+1 213
+1 213
+1 213
+1 213
+1 213
+1 213
+1 213
+1 213
+1 213
+1 213
+1 213
+1 213
+1 213

ob=(5)
fl=(73)
fn=(468) add_rel
349 645
+2 129
-2 645
+2 645
cfn=(402) search_string_array
calls=129 133 
* 22556
+1 129
-1 129
+1 387
cfn=(402)
calls=129 133 
* 22631
+3 645
+4 258
cfn=(470) search_relation
calls=129 203 
* 17105
+2 129
-2 129
+2 129
+12 1032
cfn=(488) search_destination
calls=129 263 
* 14170
+2 129
-2 129
+2 258
+12 516
cfn=(402)
calls=129 133 
* 11819
* 258
+4 904
-3 364
cfn=(490) update_dest_of
calls=91 -72 
* 75634
+1 91
-58 91
+58 182
-58 91
+6 58
+54 144
cfn=(496) update_rel_str.part.1
calls=16 -62 
* 256
-14 40
+4 20
-1 20
+1 20
-1 40
-72 20
+72 20
-72 20
+73 20
-75 40
+2 20
cob=(3)
cfi=(74)
cfn=(300)
calls=20 3172 
* 22600
* 20
* 20
+74 80
-74 20
+1 20
+1 20
+72 20
cob=(3)
cfi=(109)
cfn=(480)
calls=20 -74 
* 25678
* 20
+1 80
cfn=(488)
calls=20 263 
* 2043
* 40
-20 8
+3 2
+1 6
-1 2
+1 2
cfn=(472) fill_rel_str
calls=2 234 
* 6736
+1 10
cob=(3)
cfi=(109)
cfn=(480)
calls=1 -60 
* 423
cob=(1)
cfi=(66)
cfn=(261)
calls=1 71 
* 958
* 6
+1 4
cfn=(470)
calls=2 203 
* 267
* 4
-36 66
+1 33
+1 66

fn=(470)
203 917
+6 913
+5 1
-5 2
+1 130
+1 130
-1 130
+1 650
cob=(3)
cfi=(104)
cfn=(424)
calls=130 24 
* 12927
* 130
* 260
+2 1
+6 2
+1 1179

fn=(472)
234 8
+3 4
-3 2
+3 2
cob=(3)
cfi=(74)
cfn=(300)
calls=2 3172 
* 496
* 2
fi=(99) /usr/include/x86_64-linux-gnu/bits/string3.h
126 4
fe=(73)
237 2
fi=(99)
126 4
cob=(3)
cfi=(102)
cfn=(414)
calls=2 -83 
* 110
* 2
fe=(73)
240 2
+1 6
cob=(3)
cfi=(74)
cfn=(300)
calls=2 3172 
* 924
* 2
+1 2
-1 2
+4 2
-2 2
+2 4
cob=(3)
cfi=(74)
cfn=(300)
calls=2 3172 
* 5138
* 2
+1 2
-1 2
+2 2
+1 8

fn=(528) free_all
494 4
+5 2
+1 128
cob=(3)
cfi=(74)
cfn=(486)
calls=31 2934 
* 3100
cob=(1)
cfi=(66)
cfn=(261)
calls=1 71 
* 967
* 36
-1 64
+2 1
+3 1
-3 1
cob=(3)
cfi=(74)
cfn=(486)
calls=1 2934 
* 132
* 1
+3 3
+2 5
cob=(3)
cfi=(74)
cfn=(486)
calls=1 2934 
* 132
* 1
* 5
cob=(3)
cfi=(74)
cfn=(486)
calls=1 2934 
* 132
* 1
+2 12
+1 12
cob=(3)
cfi=(74)
cfn=(486)
calls=2 2934 
* 264
* 2
* 108
cob=(3)
cfi=(74)
cfn=(486)
calls=18 2934 
* 4544
* 18
-1 80
+3 6
cob=(3)
cfi=(74)
cfn=(486)
calls=2 2934 
* 620
* 2
+2 6
cob=(3)
cfi=(74)
cfn=(486)
calls=2 2934 
* 200
* 2
-9 4
+13 3
-1 2
cob=(3)
cfi=(74)
cfn=(486)
calls=1 2934 
* 152
* 1

fn=(332) execute
429 2
fi=(103) /usr/include/x86_64-linux-gnu/bits/stdio2.h
263 1
fe=(73)
429 1
fi=(103)
263 1
fe=(73)
429 1
fi=(103)
263 1
fe=(73)
429 3
fi=(103)
263 1
cob=(1)
cfi=(66)
cfn=(261)
calls=1 71 
* 1436
* 5
fe=(73)
438 2
+1 5
cob=(1)
cfi=(66)
cfn=(261)
calls=1 71 
* 1551
* 5
+4 2
+6 800
+5 1703
+6 155
+5 372
fi=(103)
263 896
cob=(3)
cfi=(83)
cfn=(338)
calls=224 37 
* 48217
* 224
fe=(73)
470 448
-29 456
+2 1955
+1 384
cob=(3)
cfi=(93)
cfn=(382)
calls=64 26 
* 75936
* 64
+1 128
cfn=(400) add_entity
calls=64 174 
* 43155
* 64
+10 1032
cob=(3)
cfi=(93)
cfn=(382)
calls=129 26 
* 276097
* 129
+1 516
cfn=(468)
calls=129 349 
* 231951
* 129
+10 62
cfn=(432) report
calls=31 -70 
* 64464
* 31
+7 7
-2 1120
cob=(3)
cfi=(93)
cfn=(382)
calls=224 26 
* 144292
* 224
* 224

fn=(402)
133 451
+16 451
-16 1353
+6 902
-6 451
+6 2171
+5 775
-5 1550
+1 1639
+1 1639
-1 1639
+1 4917
cob=(3)
cfi=(104)
cfn=(424)
calls=1638 24 
* 38670
cob=(1)
cfi=(66)
cfn=(261)
calls=1 -70 
* 891
* 1643
* 3278
+2 1311
+3 536
-7 1131
+10 59
+1 354
-1 43
+1 384
-10 328
+10 1968

fn=(494)
287 456
cob=(3)
cfi=(104)
cfn=(424)
calls=152 24 
* 3222
* 152

fn=(498)
157 2412
cob=(3)
cfi=(104)
cfn=(424)
calls=804 24 
* 17103
* 804

fn=(294) initialize
478 1
+5 2
-2 1
+1 1
+1 1
cob=(1)
cfi=(66)
cfn=(261)
calls=1 71 
* 61820
* 5
+5 2
-5 1
+3 1
+1 1
+1 1
cob=(3)
cfi=(74)
cfn=(300)
calls=1 3172 
* 1130
* 1
* 1
+1 2

fn=(400)
174 128
+5 64
-5 384
+5 320
cfn=(402)
calls=64 -46 
* 11528
* 128
+18 256
-16 64
+3 64
+1 32
-1 32
cob=(3)
cfi=(74)
cfn=(300)
calls=32 3172 
* 7936
* 32
* 32
+1 64
-1 64
+1 2095
cob=(3)
cfi=(104)
cfn=(424)
calls=310 24 
* 6618
* 310
* 620
+2 54
+4 162
fi=(99)
59 81
fe=(73)
191 54
fi=(99)
59 27
cob=(3)
cfi=(105)
cfn=(430)
calls=26 -18 
* 728
cob=(1)
cfi=(66)
cfn=(261)
calls=1 +12 
* 904
* 31
* 558
fe=(73)
191 372
fi=(99)
59 186
cob=(3)
cfi=(105)
cfn=(430)
calls=186 -18 
* 5208
* 186
fe=(73)
191 639
fi=(99)
-65 108
cob=(3)
cfi=(102)
cfn=(414)
calls=27 -83 
* 1511
* 27
fe=(73)
+69 32
+2 256
fi=(99)
-71 20
cob=(3)
cfi=(102)
cfn=(414)
calls=4 -83 
* 247
cob=(1)
cfi=(66)
cfn=(261)
calls=1 -55 
* 979
* 9
* 5
fe=(73)

fn=(432)
396 93
+5 31
-5 93
+5 55
+6 24
+1 48
-1 144
+1 72
cob=(3)
cfi=(109)
cfn=(480)
calls=24 308 
* 3677
* 24
-1 12
+1 24
-1 72
+1 36
cob=(3)
cfi=(109)
cfn=(480)
calls=12 308 
* 924
* 12
+2 72
+3 36
-3 36
cob=(3)
cfi=(110)
cfn=(504)
calls=35 32 
* 6520
cob=(1)
cfi=(66)
cfn=(261)
calls=1 71 
* 1042
* 40
+1 108
cob=(3)
cfi=(107)
cfn=(454)
calls=36 32 
* 2808
* 36
+2 108
+1 144
cob=(3)
cfi=(110)
cfn=(504)
calls=36 32 
* 6330
* 36
* 56
cob=(3)
cfi=(110)
cfn=(504)
calls=14 32 
* 2860
* 14
+1 150
cob=(3)
cfi=(107)
cfn=(454)
calls=50 32 
* 3900
* 50
-2 100
fi=(103)
97 252
cob=(3)
cfi=(112)
cfn=(516)
calls=35 -71 
* 18418
cob=(1)
cfi=(66)
cfn=(261)
calls=1 -26 
* 1422
* 40
fe=(73)
419 180
cob=(3)
cfi=(106)
cfn=(438)
calls=36 31 
* 5040
* 36
-14 72
+18 155
-1 93
cob=(3)
cfi=(107)
cfn=(454)
calls=30 32 
* 5370
cob=(1)
cfi=(66)
cfn=(261)
calls=1 71 
* 1050
* 35
-20 35
cob=(3)
cfi=(106)
cfn=(438)
calls=6 31 
* 900
cob=(1)
cfi=(66)
cfn=(261)
calls=1 71 
* 1561
* 11
* 7

fn=(488)
263 1043
+6 1033
+5 143
-5 286
+1 342
+1 342
-1 342
+1 1710
cob=(3)
cfi=(104)
cfn=(424)
calls=342 24 
* 8156
* 342
* 684
+2 213
+3 70
-7 146
+10 6
+1 54
-1 14
+1 1287

fn=(490)
316 455
+2 364
+3 91
+1 91
-1 182
+1 182
+1 273
-1 91
cob=(3)
cfi=(109)
cfn=(480)
calls=91 -14 
* 73814
* 91

fn=(526)
227 3
cob=(3)
cfi=(104)
cfn=(424)
calls=1 24 
* 21
* 1

fn=(292)
522 1
+2 2
+1 2
+2 2
cfn=(294)
calls=1 -49 
* 62971
+1 2
cfn=(332)
calls=1 -99 
* 898252
+1 2
cfn=(528)
calls=1 -35 
* 10754
+3 3

fn=(496)
329 80
+10 64
+2 48
+2 64

fl=(65)
fn=(550) 0x0000000000400a20
0 8

fn=(546) 0x0000000000400aa0
0 5
cfn=(550)
calls=1 0 
0 8
0 3

fn=(272)
0 15
cob=(2)
cfi=(16)
cfn=(274) 0x0000000000400838
calls=1 0 
0 6
0 8
cfn=(278) 0x0000000000400ac0
calls=1 0 
0 16
0 11

fn=(278)
0 15

ob=(2)
fl=(16)
fn=(358)
0 2
cob=(3)
cfi=(74)
cfn=(360)
calls=2 2902 
0 364

fn=(564) 0x0000000004a28570
0 1
cob=(3)
cfi=(120)
cfn=(566)
calls=1 31 
0 56

fn=(578) 0x0000000004a287b8
0 3

fn=(484)
0 149
cob=(3)
cfi=(74)
cfn=(486)
calls=149 2934 
0 2533

fn=(216) 0x0000000004a28530
0 6

fn=(274)
0 6

fn=(556) 0x0000000000401984
0 3

fn=(82) 0x0000000004000ab0
0 1
cob=(1)
cfi=(17) /build/glibc-LK5gWL/glibc-2.23/elf/dl-minimal.c
cfn=(84) free
calls=1 120 
0 6

ob=(5)
fl=(65)
fn=(278)
0 1

fn=(252) _start
0 11
cob=(1)
cfi=(66)
cfn=(260) _dl_runtime_resolve_xsave
calls=1 71 
0 974197
0 5

ob=(1)
fl=(10) /build/glibc-LK5gWL/glibc-2.23/elf/../sysdeps/x86/cpu-features.c
fn=(20) init_cpu_features.constprop.0
46 2
+16 1
-16 4
+16 1
-16 1
+19 1
-3 1
+3 8
176 3
+1 1
+3 2
+1 1
+2 2
+1 7
+7 3
+4 2
+2 4
+41 2
+75 2
+11 1
+2 1
-1 1
+2 8
-85 4
+1 2
+3 1
+2 1
-2 3
+2 2
+3 2
-50 2
+1 1
+6 3
+2 1
+3 3
+16 2
+1 1
+2 2
+81 2
+1 2
+4 2
30 2
+4 1
-4 1
+5 1
-1 1
+2 1
-1 1
+1 1
-2 1
+1 1
+1 1
+1 1
-7 2
+3 1
+4 1
+5 1
+32 2
-32 1
+27 1
+5 1
+3 1
+1 7
+57 2
-66 2
+44 2
314 2

fl=(19) /build/glibc-LK5gWL/glibc-2.23/string/../sysdeps/x86_64/multiarch/../strcmp.S
fn=(54) strcmp
144 244
+1 244
+2 244
+1 244
+21 244
+1 244
+1 171
+1 171
+1 162
+1 162
+1 162
+1 162
+21 162
+1 162
+1 162
+1 162
+1 162
+1 162
+1 162
+5 4
+1 4
+9 4
+1 4
+1 4
+1 4
+1 4
+1 4
+1 4
+1 4
-7 82
+1 82
+1 82
+1 82
+1 82
+1 82
+1 82
+1 82
+1 85
+1 39
+1 39
+1 39
+2 39
+1 39
+1 39
+1 39
+1 39
+1 39
-5 46
+1 46
+1 46
+1 46
+1 46
+1 46
+10 1
+1 1
+1 1
+2 1
+6 1
+1 1
+1 1
+1 1
+1 1
+5 1
696 2
+1 2
+1 2
+1 2
+1 2
+2 2
+1 2
+1 2
+1 2
+1 2
+1 2
+1 2
+1 2
+4 2
+1 2
+1 2
+6 2
+1 2
+1 4
+4 2
+1 2
+3 2
+1 2
+1 2
+3 2
+1 2
+1 2
+6 2
+1 2
+1 2
+1 2
+1 2
+1 2
1196 4
+1 4
+1 4
+1 4
+1 4
+2 4
+1 4
+1 4
+1 4
+1 4
+1 4
+1 4
1321 67
+1 67
+1 67
+1 67
+1 67
+2 67
+1 67
+1 67
+1 67
+1 67
+1 67
+1 67
+1 17
+4 17
+1 17
+1 17
+6 17
+1 17
+1 34
+4 17
+1 17
+3 17
+1 17
+1 17
+3 17
+1 17
+1 17
+6 17
+1 17
+1 17
+1 17
+1 17
+1 17
1571 1
+1 1
+1 1
+1 1
+1 1
+2 1
+1 1
+1 1
+1 1
+1 1
+1 1
+1 1
1696 1
+1 1
+1 1
+1 1
+1 1
+2 1
+1 1
+1 1
+1 1
+1 1
+1 1
+1 1
1821 4
+1 4
+1 4
+1 4
+1 4
+2 4
+1 4
+1 4
+1 4
+1 4
+1 4
+1 4
+1 4
+4 4
+1 4
+1 4
+6 4
+1 4
+1 8
+4 4
+1 4
+3 4
+1 4
+1 4
+3 4
+1 4
+1 4
+6 4
+1 4
+1 4
+1 4
+1 4
+1 4
+72 1
+1 1
+1 1
+1 1
+1 1
+2 1
+1 1
+1 1
+1 1
+1 1
+1 1
+1 1
+1 1
+4 1
+1 1
+1 1
+6 1
+1 1
+1 2
+4 1
+1 1
+3 1
+1 1
+1 1
+3 1
+1 1
+1 1
+6 1
+1 1
+1 1
+1 1
+1 1
+1 1
+72 5
+1 5
+1 5
+1 5
+1 5
+2 5
+1 5
+1 5
+1 5
+1 5
+1 5
+1 5
+2 1
+4 1
+1 1
+1 1
+6 1
+1 1
+2 2
+4 1
+1 1
+3 1
+1 1
+1 1
+3 1
+1 1
+1 1
+6 1
+1 1
+1 1
+1 1
+1 1
+1 1
+74 25
+2 25
+1 25
+1 25
+1 25
-3 61
+1 61
+1 61
+1 61
+1 117
+5 39
+6 39
+1 39
+8 39
+1 39
-16 205
+6 205
+1 205
+8 205
+1 205

fl=(29) /build/glibc-LK5gWL/glibc-2.23/elf/dl-debug.c
fn=(90) _dl_debug_state
74 2

fn=(86) _dl_debug_initialize
50 8
+5 6
+5 2
-1 1
+1 2
+1 2
-1 1
+4 1
-13 4
+4 8
+4 1
-1 1
-58 4

fl=(34) /build/glibc-LK5gWL/glibc-2.23/elf/dl-misc.c
fn=(106) _dl_name_match_p
288 285
+1 114
cfi=(19)
cfn=(54)
calls=57 144 
* 1908
* 57
+1 57
-1 57
+3 57
+2 114
+4 58
-4 116
+1 183
cfi=(19)
cfn=(54)
calls=61 144 
* 2128
* 122
-5 3
+11 69
-1 54
+1 216

fn=(144) _dl_sysdep_read_whole_file
45 2
+7 1
-7 3
+7 1
-7 3
+7 1
cfi=(24) /build/glibc-LK5gWL/glibc-2.23/io/../sysdeps/unix/syscall-template.S
cfn=(110) open
calls=1 +32 
* 5
+1 2
+2 5
cfi=(36) /build/glibc-LK5gWL/glibc-2.23/io/../sysdeps/unix/sysv/linux/wordsize-64/fxstat.c
cfn=(120) _fxstat
calls=1 -21 
* 10
* 2
+2 1
+3 1
-3 1
+3 1
+13 2
cfi=(24)
cfn=(132) close
calls=1 +11 
* 5
+3 7
-14 6
cfi=(37) /build/glibc-LK5gWL/glibc-2.23/misc/../sysdeps/unix/sysv/linux/wordsize-64/mmap.c
cfn=(122) mmap
calls=1 -29 
* 33
* 2

fl=(44) /build/glibc-LK5gWL/glibc-2.23/elf/dl-version.c
fn=(158) match_symbol
76 66
+9 6
-8 6
-1 12
+1 6
+8 6
+6 18
+15 6
+1 12
+2 6
+5 12
+14 72
+12 90
+4 30
-30 60
+19 30
cfi=(19)
cfn=(54)
calls=6 +11 
* 211
* 12
+35 48

fn=(156) _dl_check_map_versions
189 12
-15 36
+17 4
+3 12
-3 4
+2 4
+1 4
+2 4
-3 4
+3 4
+3 4
+4 2
-4 2
+4 8
+17 2
56 4
220 2
56 10
+1 5
-1 10
+2 21
cfi=(34)
cfn=(106)
calls=7 288 
* 745
* 16
228 6
+5 16
+19 4
-15 102
cfn=(158)
calls=4 76 
* 527
* 8
cfn=(158)
calls=2 76 
* 182
* 6
+7 36
+3 18
+9 12
+14 4
+3 8
+10 28
-7 112
+3 84
-3 8
+3 6
+8 9
+87 8
-81 12
cfi=(17)
cfn=(36) calloc
calls=3 103 
* 114
* 3
+1 3
-2 3
+2 3
+11 3
+2 3
-5 3
+3 3
+2 3
-2 3
+2 3
+3 8
+4 6
+18 4
-15 12
+2 12
-2 6
+2 6
+2 6
+1 6
-1 12
+1 6
-1 6
+1 6
+1 6
-2 6
+2 12
+1 18
+3 18
+8 6
+10 9
+3 8
+20 28
-14 60
-2 28
+7 56
+1 28
-1 84
+1 28
-1 28
+1 28
+1 28
+3 90
+10 27
183 2
-8 2
+95 4
-80 2

fn=(154) _dl_check_all_versions
380 5
+4 7
+2 28
cfn=(156)
calls=4 189 
* 2964
-2 4
+2 12
-1 4
-1 8
+5 7

fl=(1) ???
fn=(0) 0x0000000000000c30
0 2
cfi=(2)
cfn=(2) _dl_start
calls=1 353 
0 89872
0 14
cfi=(54) /build/glibc-LK5gWL/glibc-2.23/elf/dl-init.c
cfn=(212) _dl_init
calls=1 80 
0 1610
0 3
cob=(5)
cfi=(65)
cfn=(252)
calls=1 0 
0 974213

fl=(54)
fn=(214) call_init.part.0
28 20
+8 4
+3 4
-3 8
+3 12
+5 21
+5 4
+9 12
cob=(3)
cfi=(56)
cfn=(228)
calls=1 -6 
* 176
cob=(2)
cfi=(16)
cfn=(216)
calls=1 -58 
* 6
* 2
+4 4
+6 2
+2 4
-2 4
+3 10
+1 8
cob=(3)
cfi=(62)
cfn=(240)
calls=1 482 
* 1161
cob=(4) /usr/lib/valgrind/vgpreload_core-amd64-linux.so
cfi=(55) ???
cfn=(220) 0x0000000000000650
calls=1 -72 
* 17
* 4
cob=(3)
cfi=(64)
cfn=(248)
calls=1 -39 
* 4
* 3
-1 6
+3 24
-29 3
-5 3

fn=(212)
80 11
+1 1
+1 1
+3 3
+8 2
+1 2
+25 15
+1 12
-90 20
cfn=(214)
calls=3 -2 
* 1450
* 3
+96 8
-96 2
+58 2
+16 1
cfn=(214)
calls=1 -76 
* 76
* 1

fl=(12) /build/glibc-LK5gWL/glibc-2.23/elf/../misc/sbrk.c
fn=(24) sbrk
34 4
+8 6
+4 2
+16 5

fl=(13) /build/glibc-LK5gWL/glibc-2.23/elf/dl-environ.c
fn=(28) _dl_next_ld_env_entry
30 3
+3 10
+13 52
-13 156
+2 108
+1 20
+5 2
-3 2
+3 2
+2 2
-12 1
+19 1

fl=(21) /build/glibc-LK5gWL/glibc-2.23/posix/../sysdeps/unix/syscall-template.S
fn=(62) uname
84 4
+1 1

fl=(27) /build/glibc-LK5gWL/glibc-2.23/string/../sysdeps/x86_64/multiarch/../strchr.S
fn=(74) index
24 7
+1 7
+1 7
+1 7
+1 7
+1 7
+1 7
+1 7
+1 7
+1 7
+1 7
+1 7
+1 7
+1 7
+1 7
+1 7
+1 7
+1 5
+4 5
+1 5
+1 5
+1 5
+2 5
+4 2
+1 2
+1 2
+1 2
+1 2
+1 2
+1 2
+1 2
+1 2
+1 2
+1 2
+1 2
+1 2
+1 2
+1 2
+1 2
+1 2
+1 2
+1 2
+1 2
+1 2
+1 2
+1 2
+1 2
+52 2
+4 2
+1 2
+1 2
+1 2
+2 2

fl=(39) /build/glibc-LK5gWL/glibc-2.23/misc/../sysdeps/unix/syscall-template.S
fn=(126) mprotect
84 24
+1 6

fn=(208) munmap
84 4
+1 1

fl=(6) /build/glibc-LK5gWL/glibc-2.23/elf/dl-lookup.c
fn=(174) do_lookup_x
355 672
+1 96
-1 480
+48 96
-30 96
-11 96
+41 96
+7 192
-7 192
-30 384
+37 384
-44 192
+3 192
-3 400
+3 400
+4 604
+4 588
+4 588
+6 882
+8 294
-4 294
+1 294
+3 588
+1 882
+3 294
+1 588
+2 588
+8 294
-8 294
+8 2940
-99 204
553 1476
+1 86
cfi=(34)
cfn=(106)
calls=43 288 
* 3933
* 129
+3 618
+3 6
+1 768
-92 180
+50 664
+4 42
+12 180
+1 90
+1 180
413 564
+2 188
+2 1222
+13 276
-10 910
+2 180
+1 450
-1 90
+1 630
-1 90
+1 270
cfn=(176) check_match
calls=90 92 
* 8875
+4 270
+34 8
+94 28
439 810

fn=(176)
92 720
+3 630
+12 540
+3 472
cfi=(19)
cfn=(54)
calls=28 +34 
* 1090
* 56
+5 90
-1 90
+1 90
+2 178
+19 178
+1 712
+46 90
-7 90
+7 450
-18 2
+2 1
+1 4
-1 5
-29 267
cfi=(19)
cfn=(54)
calls=89 +6 
* 2853
* 267

fn=(10) _dl_setup_hash
956 12
+4 4
+4 8
+2 4
-1 4
+3 12
+1 4
+1 4
+3 4
-3 4
+7 4
-4 4
-1 4
+3 4
+2 4
-7 4
+7 4
+1 4

fn=(172) _dl_lookup_symbol_x
806 1056
568 96
806 384
568 480
+1 96
-1 96
+1 288
-1 288
+1 1154
-1 1154
+1 3462
-1 3654
808 96
+4 96
+4 96
-8 96
+1 192
+7 274
+7 96
-2 96
+2 96
-2 96
+6 96
-7 96
+7 192
-7 576
+15 6
-8 30
+2 1344
cfn=(174)
calls=96 355 
* 37397
+3 288
+26 192
+22 90
+1 630
+31 90
+9 450
+14 270
+3 360
+5 90
+2 768
-85 42
+16 6
+1 12
+59 2

fl=(37)
fn=(122)
33 8
-1 80
+1 20
+1 80
+2 56
-3 18

fl=(33) /build/glibc-LK5gWL/glibc-2.23/setjmp/../sysdeps/x86_64/setjmp.S
fn=(100) __sigsetjmp
26 3
+9 3
+1 6
+1 3
+4 3
+1 3
+1 3
+1 3
+1 3
+2 6
+2 3
+1 3
+1 3
+2 6
+2 3
+4 3
+1 3

fl=(45) /build/glibc-LK5gWL/glibc-2.23/elf/dl-reloc.c
fn=(166) _dl_relocate_object
149 40
+15 4
-15 8
+15 4
+1 24
+6 8
+6 12
-18 8
+22 8
+7 4
-32 4
+32 4
+44 4
fi=(5) /build/glibc-LK5gWL/glibc-2.23/elf/../sysdeps/x86_64/dl-machine.h
76 12
fe=(45)
232 8
fi=(5)
76 12
+6 6
+4 9
+14 3
-8 3
+8 6
+20 6
+4 12
-2 3
+9 12
fe=(45)
258 164
-98 18
fi=(5)
303 24
fe=(45)
-45 3
fi=(4) /build/glibc-LK5gWL/glibc-2.23/elf/do-rel.h
58 3
-10 3
-1 6
+11 3
-11 3
+11 3
fe=(45)
258 1
-98 6
fi=(5)
303 8
fe=(45)
-45 1
fi=(4)
58 1
-10 1
-1 2
+11 1
-11 1
+11 1
fe=(45)
258 4
fi=(4)
58 4
-10 4
-1 8
+11 4
-11 4
+11 4
+3 15
fi=(5)
530 48
+4 48
+2 72
+1 24
fi=(4)
61 93
+2 128
+2 26
-4 3
+13 6
+1 5
+1 16
fi=(5)
530 8
+26 8
fi=(4)
75 8
fi=(5)
556 16
cob=(3)
cfi=(53)
cfn=(198)
calls=1 0 
* 11
cob=(3)
cfi=(52)
cfn=(194)
calls=1 37 
* 66
cob=(3)
cfi=(51)
cfn=(192)
calls=1 30 
* 6
cob=(3)
cfi=(50)
cfn=(190)
calls=1 45 
* 6
cob=(3)
cfi=(46)
cfn=(188)
calls=1 129 
* 5
cob=(3)
cfi=(50)
cfn=(186)
calls=1 45 
* 6
cob=(3)
cfi=(47)
cfn=(180)
calls=1 38 
* 66
cob=(3)
cfi=(46)
cfn=(178)
calls=1 109 
* 5
fi=(4)
75 8
fi=(5)
557 8
fi=(4)
75 11
fe=(45)
258 2
fi=(4)
75 14
fe=(45)
258 14
+3 16
+24 4
+3 8
+17 12
+2 32
fi=(4)
84 5
-1 5
+3 10
-3 5
+3 5
+12 15
+10 6
+3 8
fi=(5)
514 2
fi=(4)
112 4
fi=(5)
514 1194
fi=(4)
112 2380
fi=(5)
514 2380
+5 2384
+1 2384
fi=(4)
111 2384
fi=(5)
520 1192
fi=(4)
111 1192
+7 15
+6 4
-3 8
+3 10
fi=(5)
449 9
fi=(4)
127 376
+9 188
+3 94
-3 94
+3 94
fi=(5)
271 94
fi=(4)
138 94
-2 94
+1 376
fi=(5)
271 94
+21 188
+4 188
+7 1793
fi=(4)
137 75
fi=(5)
303 150
fi=(4)
137 75
fi=(5)
303 75
fi=(4)
137 75
fi=(5)
303 150
fi=(4)
137 2
fi=(5)
303 4
fi=(4)
137 2
fi=(5)
303 2
fi=(4)
137 2
fi=(5)
303 1082
cfi=(6)
cfn=(172)
calls=77 806 
* 43038
* 616
+2 240
+3 92
-3 184
+3 276
+6 564
fe=(45)
178 8
fi=(5)
437 234
fi=(4)
124 288
+19 6
fi=(5)
303 60
fi=(4)
108 3
fi=(5)
409 42
+4 70
+14 70
+49 6
+4 14
cfi=(18) /build/glibc-LK5gWL/glibc-2.23/string/../sysdeps/x86_64/multiarch/../memcpy.S
cfn=(46) memcpy
calls=2 61 
* 36
+2 8
+1 2
fe=(45)
313 20
+3 4
-3 8
+3 4
+4 8
+1 16
cfi=(39)
cfn=(126)
calls=4 84 
* 20
* 12
-63 3
fi=(4)
129 8
fi=(5)
303 87
fi=(4)
160 7
+2 20
+8 10
+1 5
-1 5
+1 5
fi=(5)
271 5
fi=(4)
170 15
fi=(5)
271 5
+21 10
+4 10
+7 180
cfi=(6)
cfn=(172)
calls=5 806 
* 2409
* 35
+2 15
+3 1
-3 2
+3 3
+6 30
437 15
fi=(4)
160 17
+14 2
fi=(5)
303 6
fe=(45)

fl=(67) /build/glibc-LK5gWL/glibc-2.23/elf/../elf/dl-runtime.c
fn=(262) _dl_fixup
66 28
+5 28
-5 14
+3 28
+3 14
-1 28
-3 14
+5 84
+1 14
-1 14
+1 28
+5 28
+4 28
+4 42
+4 14
+1 70
+2 56
+7 28
-1 14
+1 14
+10 126
cfi=(6)
cfn=(172)
calls=14 806 
* 11022
* 14
+4 70
+10 84
+16 14
-8 14
+8 42
+4 42
fi=(5)
+92 14
fe=(67)
-88 42
fi=(100) /build/glibc-LK5gWL/glibc-2.23/elf/../sysdeps/x86_64/dl-irel.h
32 3
cob=(3)
cfi=(53)
cfn=(198)
calls=1 -32 
* 11
cob=(3)
cfi=(46)
cfn=(422)
calls=1 +55 
* 5
cob=(3)
cfi=(101)
cfn=(412)
calls=1 +32 
* 5
* 3
fe=(67)

fl=(25) /build/glibc-LK5gWL/glibc-2.23/string/../sysdeps/x86_64/memcpy.S
fn=(70) mempcpy
61 17
+4 17
+3 16
+1 16
+2 7
+1 7
+2 7
+1 7
+5 7
+1 7
-1 9
+1 9
+2 10
+1 10
+2 10
+1 10
+5 10
+1 10
-1 6
+1 6
+2 5
+1 5
+2 5
+1 5
+5 5
+1 5
-1 11
+1 11
+2 7
+1 7
+2 7
+1 14
+5 7
+1 7
-1 9
+1 11
+5 2
+1 2
+1 2
+1 2
+2 2
+2 2
+1 2
+2 2
+6 16
+4 16
+12 2
+2 2
+1 2
+26 2
+1 2
+3 2
+1 2
+1 2
+5 2
+2 2
+1 2
+1 2
+1 2
+2 2
+1 2
+1 2
+1 2
+2 2
+1 2
+2 2
+22 2
+2 2
+2 1
+7 1

fl=(119)
fn=(544)
130 8
+17 1
+3 15
+3 2
cfi=(2)
cfn=(50)
calls=1 704 
* 2
+2 1
+3 2
+2 6
+8 1
-3 1
+3 8
+7 8
+2 8
+2 4
+1 4
+5 4
-6 4
-6 4
+8 4
-8 9
+14 9
+1 2
+4 1
31 1
+2 1
192 1
33 1
+6 1
-1 1
+2 1
-2 2
+1 8
+1 1
cfi=(26) /build/glibc-LK5gWL/glibc-2.23/string/../sysdeps/x86_64/multiarch/../memset.S
cfn=(72) memset
calls=1 +13 
* 15
* 1
+77 15
+3 16
cfi=(26)
cfn=(72)
calls=2 -67 
* 37
* 6
-76 9
+1 9
+4 12
+6 6
+1 6
+2 15
+1 7
+2 9
+1 6
201 3
cfi=(2)
cfn=(52)
calls=1 710 
* 2
+5 3
81 4
208 1
+2 3
-2 3
+2 9
+3 8
+3 12
+4 4
+9 2
+3 2
-3 2
+3 4
+2 8
+1 4
cob=(4)
cfi=(55)
cfn=(558) 0x0000000000000610
calls=1 0 
* 78
cob=(5)
cfi=(65)
cfn=(546)
calls=1 0 
* 16
-1 8
+5 4
+1 6
cob=(2)
cfi=(16)
cfn=(578)
calls=1 0 
* 3
cob=(2)
cfi=(16)
cfn=(556)
calls=1 0 
* 3
+6 24
+16 8
-56 11
+11 6
92 9
+21 3
-57 8
268 4
+2 1
-2 2
+6 2
+7 8

fl=(28) /build/glibc-LK5gWL/glibc-2.23/string/strdup.c
fn=(80) strdup
40 12
+1 3
cfi=(11) /build/glibc-LK5gWL/glibc-2.23/string/../sysdeps/x86_64/strlen.S
cfn=(22) strlen
calls=3 +25 
* 84
* 3
+1 6
cfi=(17)
cfn=(40) malloc
calls=3 +52 
* 87
* 3
+2 6
+4 3
-1 6
+1 6
-1 6
cfi=(18)
cfn=(46)
calls=3 +14 
* 106

fl=(7) /build/glibc-LK5gWL/glibc-2.23/elf/../elf/dl-sysdep.c
fn=(12) _dl_sysdep_start
86 8
+25 1
-1 1
+1 171
+6 1
-3 1
+1 1
-4 1
+3 1
+3 4
+1 2
-1 25
+1 108
-1 106
+62 1
+1 1
-1 1
+1 1
-29 1
+1 2
+11 1
+1 1
-1 1
+1 1
-7 1
+1 1
-1 1
+1 1
-4 1
+1 2
-25 1
+1 2
-4 1
+1 2
-7 1
+1 1
+2 1
+1 1
fi=(8) /build/glibc-LK5gWL/glibc-2.23/elf/../sysdeps/unix/sysv/linux/dl-sysdep.c
-90 2
cfi=(9) /build/glibc-LK5gWL/glibc-2.23/elf/../sysdeps/unix/sysv/linux/x86_64/brk.c
cfn=(16) brk
calls=1 -4 
* 11
fi=(5)
225 5
+4 1
cfi=(10)
cfn=(20)
calls=1 46 
* 134
fe=(7)
+2 3
+1 1
cfi=(11)
cfn=(22)
calls=1 66 
* 32
* 1
+2 2
cfi=(12)
cfn=(24)
calls=1 34 
* 17
* 3
+12 3
+3 5
cfi=(2)
cfn=(26) dl_main
calls=1 790 
* 88534
+2 9
-11 2

fn=(204) _dl_sysdep_start_cleanup
256 1

fl=(8)
fn=(60) _dl_discover_osversion
45 7
+2 3
+85 8
-45 3
cfi=(21)
cfn=(62)
calls=1 -3 
* 5
* 1
+15 1
-15 1
+20 1
-1 1
+3 12
+4 3
-2 6
+2 10
+2 1
+1 2
-3 4
+7 3
-1 3
+4 3
-2 3
+2 10
+5 2

fl=(26)
fn=(72)
53 13
+1 13
+1 13
+1 13
+1 13
+2 13
+1 13
+1 11
+1 11
+15 2
+1 2
+1 2
+1 2
+1 2
+1 2
+1 2
+1 2
+1 2
+1 2
+1 2
+1 2
+1 2
+1 4
+3 2
+1 2
+1 2
+1 2
+1 2
+1 2
+1 2
-6 34
+1 34
+1 34
+1 34
+1 34
+1 34
+1 34
+1 2
+3 11
+1 11
+1 11
+1 4
+1 4
+1 2
+1 2
+3 2
+1 2
+1 2
+1 2
+2 2
+1 2
+1 2
+2 7
+1 7
+1 7

fl=(43) /build/glibc-LK5gWL/glibc-2.23/elf/dl-cache.c
fn=(206) _dl_unload_cache
322 4
-1 1
+3 2
cfi=(39)
cfn=(208)
calls=1 84 
* 5
+1 1
+2 2

fn=(142) _dl_load_cache_lookup
185 9
+8 2
+3 3
+51 2
+9 1
+6 2
-6 4
+6 1
cfi=(24)
cfn=(68) access
calls=1 84 
* 9
+19 1
-19 1
+19 108
cfn=(146) _dl_cache_libcmp
calls=7 138 
* 514
* 36
-15 4
+15 14
cfn=(146)
calls=1 138 
* 71
* 7
-82 4
cfi=(34)
cfn=(144)
calls=1 45 
* 94
+8 1
-8 1
+8 4
+1 4
cfi=(14) /build/glibc-LK5gWL/glibc-2.23/string/../sysdeps/x86_64/multiarch/../memcmp.S
cfn=(30) bcmp
calls=1 24 
* 38
* 2
+7 1
-3 1
+3 3
+3 1
+1 2
-1 1
+1 1
+1 4
cfi=(14)
cfn=(30)
calls=1 24 
* 32
* 2
+61 21
+16 2
+4 2
+8 3
cfi=(11)
cfn=(22)
calls=1 66 
* 34
* 2
+1 1
-1 4
+1 2
cfi=(18)
cfn=(46)
calls=1 61 
* 28
+1 2
cfi=(28)
cfn=(80)
calls=1 40 
* 109
+1 8
-31 9

fn=(146)
138 24
+1 18
+2 80
+2 40
-2 40
+2 2
+6 1
+2 1
-1 1
-1 1
+1 1
+1 4
+2 5
+2 2
+6 78
+2 142
+4 32
+1 32
-29 64
+32 3
-7 14

fl=(66)
fn=(260)
71 1
+3 1
+2 1
+8 1
+6 1
+1 1
+1 1
+1 1
+1 1
+1 1
+1 1
+4 1
+1 1
+3 1
+1 1
+2 1
+1 1
+1 1
+1 1
+1 1
+1 1
+2 1
+13 1
+1 1
+1 1
cfi=(67)
cfn=(262)
calls=1 -63 
* 950
+1 1
+5 1
+1 1
+1 1
+2 1
+1 1
+1 1
+1 1
+1 1
+1 1
+1 1
+2 1
+2 1
+4 1
+3 1

fn=(261)
71 13
+3 13
+2 13
+8 13
+6 13
+1 13
+1 13
+1 13
+1 13
+1 13
+1 13
+4 13
+1 13
+3 13
+1 13
+2 13
+1 13
+1 13
+1 13
+1 13
+1 13
+2 13
+13 13
+1 13
+1 13
cfi=(67)
cfn=(262)
calls=13 -63 
* 11149
+1 13
+5 13
+1 13
+1 13
+2 13
+1 13
+1 13
+1 13
+1 13
+1 13
+1 13
+2 13
+2 13
+4 13
+3 13

fl=(11)
fn=(22)
66 13
+1 13
+1 13
+1 13
+1 13
+1 13
+1 13
+2 13
+2 13
+30 12
+1 12
+1 12
+1 12
+1 12
+1 6
+1 6
+4 6
+1 6
+1 6
+1 6
+1 6
+1 6
+1 6
+1 6
+1 6
+1 6
+1 6
+1 6
+5 48
+4 1
+1 14
+1 8

fl=(23) /build/glibc-LK5gWL/glibc-2.23/elf/dl-hwcaps.c
fn=(66) _dl_important_hwcaps
39 6
+3 1
-3 2
+3 1
-1 1
+1 1
+9 1
-12 4
+12 2
+10 4
162 2
-47 3
cfi=(24)
cfn=(68)
calls=1 -31 
* 9
* 2
+55 3
+2 2
+1 5
+4 2
+4 1
-4 1
+1 1
+3 1
+3 1
+1 1
-1 1
+4 3
+1 1
-1 9
+1 1
+18 10
+1 2
-1 1
+1 3
cfi=(17)
cfn=(40)
calls=1 94 
* 29
* 1
+1 1
-1 1
+1 5
+29 1
+3 1
-3 2
+3 1
+23 7
+6 2
-1 2
+1 6
-1 8
+5 6
+3 1
-3 1
+3 1
-3 3
+3 1
-3 1
+3 5
+1 12
+1 4
-1 4
+1 8
-2 4
+1 8
-1 14
+4 4
+4 1
-1 1
+2 1
-2 1
+1 1
+1 1
-2 1
+2 10
+13 2
+1 1
-1 1
+3 2
-3 2
+1 1
-1 1
+3 2
+3 4
+3 1
-1 1
+1 9
113 1
+17 1
+1 1
-1 9
243 6
cfi=(25)
cfn=(70)
calls=1 61 
* 22
* 4
cfi=(25)
cfn=(70)
calls=1 61 
* 18
+1 4
cfi=(25)
cfn=(70)
calls=1 61 
* 22
* 4
cfi=(25)
cfn=(70)
calls=1 61 
* 18
* 12

fl=(32) /build/glibc-LK5gWL/glibc-2.23/elf/dl-error.c
fn=(96) _dl_catch_error
163 6
+15 3
-3 6
+1 6
-13 6
+14 6
+1 3
+2 3
cfi=(2)
cfn=(98) _dl_initial_error_catch_tsd
calls=3 664 
* 6
+2 3
-1 3
+4 3
-3 6
+3 3
-4 3
+4 3
cfi=(33)
cfn=(100)
calls=3 26 
* 60
* 9
+2 9
cfi=(41) /build/glibc-LK5gWL/glibc-2.23/elf/dl-deps.c
cfn=(136) openaux
calls=2 60 
* 5219
cfi=(2)
cfn=(102) map_doit
calls=1 496 
* 2372
+1 6
+2 3
+1 3
-3 3
+1 6
+1 3
+9 3
-8 3
+8 9

fn=(150) _dl_receive_error
205 10
+1 1
cfi=(2)
cfn=(98)
calls=1 664 
* 2
+5 1
-1 1
-4 1
+9 1
+2 1
-3 1
+3 1
cfi=(2)
cfn=(152) version_check_doit
calls=1 529 
* 3049
+2 1
+1 1
+1 8

fl=(22) /build/glibc-LK5gWL/glibc-2.23/elf/dl-load.c
fn=(76) fillin_rpath
444 7
+2 1
-2 9
+4 3
cfi=(17)
cfn=(78) strsep
calls=1 -94 
* 238
* 3
cfi=(17)
cfn=(78)
calls=1 -94 
* 6
* 6
+7 2
+35 15
+1 8
+55 2
+2 2
cob=(2)
cfi=(16)
cfn=(82)
calls=1 0 
* 7
* 1
-39 2
+4 2
-1 4
cfi=(17)
cfn=(40)
calls=1 94 
* 29
* 1
+3 1
-3 1
+3 2
+5 1
+1 2
-2 1
+2 1
cfi=(25)
cfn=(70)
calls=1 61 
* 31
+3 1
-3 1
+1 1
+2 1
+6 2
+1 1
-1 2
+1 13
+1 11
-1 2
+3 2
+1 3
+7 1
+1 1
-1 2
383 3
cfi=(27)
cfn=(74)
calls=1 24 
* 23
* 2
+4 2
cfi=(28)
cfn=(80)
calls=1 40 
* 94
* 1
+74 2
+5 2
cfi=(11)
cfn=(22)
calls=1 66 
* 16
+1 2
+7 6
+9 1
-4 3
+4 2
+26 2
+43 1
+3 9
-15 2
-9 2
-57 2

fn=(138) open_path
2040 8
+1 1
+6 1
-6 1
+6 1
+5 9
+52 1
-59 1
-1 1
+60 1
-52 8
+74 4
-62 1
-9 1
+9 1
+7 4
cfi=(25)
cfn=(70)
calls=1 61 
* 31
+1 1
-1 1
+1 5
+20 8
-20 15
+3 8
+5 8
-1 4
+1 8
-1 12
cfi=(25)
cfn=(70)
calls=4 61 
* 85
* 16
cfi=(25)
cfn=(70)
calls=4 61 
* 92
-1 4
+7 4
-7 4
+7 4
+3 36
cfn=(108) open_verify.constprop.7
calls=4 1717 
* 176
* 4
+2 20
+67 7
+7 1
-2 1
+2 3
+3 3
+14 1
-27 1
+27 7
-84 8
+1 36
+6 4
+2 4
-2 4
+2 8
-2 4
+2 4
cfi=(42) /build/glibc-LK5gWL/glibc-2.23/io/../sysdeps/unix/sysv/linux/wordsize-64/xstat.c
cfn=(140) _xstat
calls=4 34 
* 49
* 8
+1 1
+2 1
-2 1
+2 7
+7 3
-7 3
+7 9
-30 3
+23 6

fn=(108)
1717 66
+39 6
-39 18
+39 22
+31 24
cfi=(24)
cfn=(110)
calls=6 84 
* 46
+2 6
-2 6
+2 8
+10 2
+1 4
+5 16
cfi=(24)
cfn=(112) read
calls=2 84 
* 10
+2 4
+2 2
+2 2
-2 4
+2 2
+6 4
+16 8
cfi=(14)
cfn=(30)
calls=2 24 
* 57
* 18
cfi=(14)
cfn=(30)
calls=2 24 
* 72
* 4
+74 4
+5 4
+2 8
+6 4
+11 4
+6 2
+1 2
-1 8
+1 2
-1 2
+1 4
+1 6
+20 106
+2 36
+4 8
+1 6
+12 14
+4 6
+5 1
+1 1
-13 4
cfi=(14)
cfn=(30)
calls=1 24 
* 25
* 8
cfi=(14)
cfn=(30)
calls=2 24 
* 60
* 6
+16 2
+3 7
+3 3
+1 5
-39 2
+67 20
-23 4
+23 28
1826 2
+7 4
cfi=(14)
cfn=(30)
calls=1 24 
* 24
* 2

fn=(64) _dl_init_paths
689 1
+13 2
-13 8
+13 3
cfi=(23)
cfn=(66)
calls=1 39 
* 398
+5 1
-5 1
+5 1
cfi=(17)
cfn=(40)
calls=1 94 
* 29
* 1
+1 1
-2 1
+2 2
+8 1
-1 1
+1 3
-1 3
+4 4
cfi=(17)
cfn=(40)
calls=1 94 
* 29
* 1
+2 1
-2 1
+2 1
+17 2
+9 2
-19 1
+11 1
-1 1
+3 1
+1 1
-15 2
+23 1
-9 1
+9 5
-3 17
cfi=(26)
cfn=(72)
calls=4 53 
* 60
+3 27
-14 3
+2 3
+1 3
+2 6
-3 3
+4 9
+4 3
-3 3
+3 3
+1 3
-4 9
+4 3
+14 1
-11 1
+6 1
+1 1
+5 1
-12 1
+12 1
+2 4
+2 3
+38 5
+6 3
cfi=(27)
cfn=(74)
calls=1 24 
* 23
* 2
+2 3
cfi=(11)
cfn=(22)
calls=1 66 
* 16
* 8
cfi=(18)
cfn=(46)
calls=1 61 
* 31
* 1
+17 133
+5 1
cfi=(17)
cfn=(40)
calls=1 94 
* 29
* 1
+1 1
-2 1
+2 1
+6 9
cfn=(76)
calls=1 444 
* 609
+4 5
+6 1
+4 8
-70 1
-2 1
+2 2
+14 2

fn=(114) _dl_map_object_from_fd
893 22
+10 2
-10 2
+10 2
-10 6
+10 2
cfi=(29)
cfn=(86)
calls=2 50 
* 16
fi=(35) /build/glibc-LK5gWL/glibc-2.23/elf/../sysdeps/posix/dl-fileid.h
37 6
fe=(22)
903 2
fi=(35)
37 2
cfi=(36)
cfn=(120)
calls=2 -3 
* 20
* 4
+4 2
fe=(22)
919 2
fi=(35)
40 2
+1 2
fe=(22)
919 29
+1 10
fi=(35)
49 12
fe=(22)
1465 16
937 4
+24 4
+10 4
+22 8
+32 4
904 2
1028 14
cfi=(15) /build/glibc-LK5gWL/glibc-2.23/elf/dl-object.c
cfn=(32) _dl_new_object
calls=2 61 
* 882
+1 2
-1 2
+1 2
+11 4
+1 2
-1 2
+2 2
-1 2
+4 2
-1 4
-2 2
+2 4
+1 6
+1 2
+19 2
-2 2
+10 2
-8 12
+8 2
-8 6
+8 2
+87 2
+8 2
-8 8
+8 2
-8 6
-86 32
-1 136
+1 95
+6 4
+1 6
+1 2
+9 20
+5 32
+9 12
-1 12
+1 4
+1 8
+2 4
-2 4
+1 4
-1 4
+3 4
+4 4
-7 4
+2 4
+1 4
+4 4
+1 12
+4 6
-14 2
+14 12
+11 2
-11 6
-14 2
+14 12
+11 2
-44 2
+1 1
+46 3
+4 1
+1 1
+1 1
-1 2
+1 1
+3 3
+1 1
+3 1
-3 1
+7 4
+6 1
cfi=(30) /build/glibc-LK5gWL/glibc-2.23/elf/dl-tls.c
cfn=(148) _dl_next_tls_modid
calls=1 49 
* 8
* 2
+1 1
+59 4
+1 6
+1 2
-6 4
+1 2
+8 6
1041 2
1229 2
1041 2
1229 2
+10 6
fi=(38) /build/glibc-LK5gWL/glibc-2.23/elf/./dl-map-segments.h
56 4
fe=(22)
1239 6
fi=(38)
56 2
fe=(22)
1239 2
fi=(38)
56 2
fe=(22)
1239 4
fi=(38)
56 12
cfi=(37)
cfn=(122)
calls=2 -23 
* 70
+4 2
-4 2
+4 4
+3 4
+1 2
+2 2
-2 2
-1 2
+3 2
+10 4
fi=(40) /build/glibc-LK5gWL/glibc-2.23/elf/./dl-load.h
+14 8
+1 6
+2 8
fi=(38)
+7 16
+6 2
+2 2
-2 2
+1 2
+2 2
-1 2
+1 2
-1 6
+8 4
+17 4
+12 4
-59 20
+2 4
+2 2
-2 4
+2 20
cfi=(37)
cfn=(122)
calls=2 -57 
* 62
* 6
fe=(22)
1251 8
+9 4
fi=(3) /build/glibc-LK5gWL/glibc-2.23/elf/get-dynamic-info.h
39 2
fe=(22)
1260 2
fi=(3)
39 2
+6 2
-2 2
+2 4
+15 2
+5 2
+3 2
-1 2
-3 2
-3 36
+10 8
-26 24
+16 35
+10 35
-26 105
+26 2
-26 6
+2 90
+13 40
+2 8
+3 8
+13 4
+20 7
+1 8
+1 8
+1 8
+2 8
+5 8
+1 7
+1 8
+6 6
+5 4
+7 4
+1 6
+16 6
+5 1
+2 1
-2 1
+2 1
+2 2
+2 2
+3 6
+10 1
-8 4
+8 1
+5 2
+3 4
fe=(22)
1267 4
+15 6
+19 4
+2 10
+54 6
+1 2
+3 2
cfi=(24)
cfn=(132)
calls=1 84 
* 5
* 2
cfi=(24)
cfn=(132)
calls=1 84 
* 5
* 4
+9 4
+2 6
+2 2
-2 2
+2 2
+16 4
cfi=(6)
cfn=(10)
calls=2 956 
* 46
+4 4
+1 4
+17 4
+9 2
-5 6
+5 2
+10 4
+10 6
cfi=(15)
cfn=(48) _dl_add_to_namespace_list
calls=2 32 
* 82
+4 8
fi=(3)
68 8
+2 10
fe=(22)
1413 2
fi=(38)
119 4
+8 16
cfi=(26)
cfn=(72)
calls=2 -74 
* 283
* 8
-54 8
-1 12
cfi=(39)
cfn=(126)
calls=2 +12 
* 10
* 2
fi=(40)
+22 5
+1 11
+3 4
fi=(38)
+39 9
cfi=(37)
cfn=(122)
calls=1 33 
* 31
+3 3
fe=(22)
1255 2

fn=(104) _dl_map_object
2189 21
+8 3
-8 6
+8 3
+1 12
+3 42
+5 49
+2 21
cfi=(34)
cfn=(106)
calls=7 288 
* 920
* 14
+4 12
+1 18
+3 2
+2 8
cfi=(19)
cfn=(54)
calls=2 144 
* 48
* 4
2500 24
2235 10
+9 2
-53 2
+53 4
+36 4
-2 2
+2 2
cfi=(27)
cfn=(74)
calls=2 24 
* 46
* 4
2431 2
383 3
cfi=(27)
cfn=(74)
calls=1 24 
* 47
* 2
+4 2
cfi=(28)
cfn=(80)
calls=1 40 
* 128
2432 1
-3 1
+3 2
+4 9
cfn=(108)
calls=1 1717 
* 299
+3 1
-3 1
+3 3
+12 3
+46 1
+1 3
-1 1
+1 9
cfn=(114)
calls=1 893 
* 1444
-1 1
+1 3
-1 1
+1 9
cfn=(114)
calls=1 893 
* 1789
* 6
2284 2
cfi=(11)
cfn=(22)
calls=1 66 
* 16
* 1
+2 1
-2 1
+2 1
+7 4
+35 2
+1 14
cfn=(138)
calls=1 2040 
* 777
+6 2
-6 1
+6 3
666 1
2336 1
666 2
2423 2
+28 3
+2 4
2297 1
+5 1
-5 1
+5 1
+3 2
-3 1
+3 7
-3 3
666 1
2303 1
666 2
2358 1
-14 1
+14 1
+2 3
+4 2
cfi=(43)
cfn=(142)
calls=1 185 
* 1212
+2 1
-2 1
+2 1
+4 2
+8 3
+23 10
cfn=(108)
calls=1 1717 
* 370
+4 1
-4 1
+4 3
+1 2
-89 3
+1 8
666 1
2319 1
666 2

fl=(78) /build/glibc-LK5gWL/glibc-2.23/elf/dl-open.c
fn=(316) _dl_find_dso_for_object
182 5
+1 4
+1 12
+1 2
+3 2
+4 1
-9 6

fl=(36)
fn=(120)
34 3
-1 3
+1 3
+1 18
+4 3

fl=(9)
fn=(16)
31 7
+8 1
-6 2
+7 1

fl=(15)
fn=(32)
61 42
+1 3
cfi=(11)
cfn=(22)
calls=3 +4 
* 66
+6 3
-6 6
+6 6
+7 12
cfi=(17)
cfn=(36)
calls=3 +28 
* 171
* 3
+3 3
-3 3
+3 3
+4 3
+5 6
-6 3
+6 3
-5 3
+3 6
+2 3
cfi=(18)
cfn=(46)
calls=3 -26 
* 88
+10 3
-10 3
+10 3
-8 3
+9 6
-1 9
+1 9
+3 3
-4 3
+1 3
+3 3
+9 3
-7 3
+4 3
+3 9
+2 2
-2 2
+2 30
-2 30
+12 3
+6 3
-5 3
-1 3
+6 15
+2 2
+3 2
-3 2
+3 2
-3 4
+7 6
+4 4
+2 5
+6 1
+6 1
-3 2
+3 4
-3 4
+3 4
+2 6
cfi=(11)
cfn=(22)
calls=2 -91 
* 68
+4 2
-4 8
+4 6
+64 4
+4 24
68 30
+34 8
+39 8
+70 6
cfi=(25)
cfn=(70)
calls=2 61 
* 71
* 42
+6 40
-1 40
+1 42
-1 2
+1 6
+5 4
-89 2
+32 4
cfi=(17)
cfn=(40)
calls=2 -71 
* 58
* 2
+1 2
-1 2
+1 6
+2 1
-35 2

fn=(48)
32 15
+2 6
cfi=(2)
cfn=(50)
calls=3 704 
* 6
+2 3
-2 3
+2 19
+3 15
+2 2
+2 2
+4 2
+4 2
-4 4
+1 2
+4 4
-4 2
+1 2
+3 2
-3 2
+2 2
cfi=(2)
cfn=(52)
calls=2 710 
* 4
-4 1
+4 1
-4 2
+1 1
+4 2
-4 1
+1 1
+3 1
-3 1
+2 1
cfi=(2)
cfn=(52)
calls=1 710 
* 2
-5 2

fl=(41)
fn=(134) _dl_map_object_deps
161 1
-1 1
+1 1
-1 4
+1 1
-1 2
+1 1
-1 2
+1 1
-1 2
+1 3
-15 1
+15 1
-17 1
+1 1
+1 1
+6 4
+26 1
-26 1
+26 7
-34 1
+2 1
+33 2
-33 1
-2 1
+2 2
-2 1
+1 1
+1 1
+6 3
+26 1
-26 1
+26 5
+4 1
+21 1
+1 1
-22 2
+19 1
-12 1
+15 1
-16 2
+13 1
317 9
217 1
-4 1
-4 1
+8 4
-4 3
-4 3
+8 3
+12 8
+2 2
+11 2
-5 2
-6 4
+5 2
+2 4
+1 4
+3 14
+50 6
+1 3
-51 192
+1 96
+6 10
cfi=(27)
cfn=(74)
calls=2 24 
* 70
* 4
+5 10
-3 2
+3 2
cfi=(32)
cfn=(96)
calls=2 -91 
* 5343
+2 6
+15 2
+2 4
+5 2
+6 2
+2 2
-8 4
+3 2
+1 2
+1 2
+1 2
+4 12
+7 138
459 12
+2 6
+2 6
cfi=(17)
cfn=(40)
calls=2 94 
* 58
* 2
+2 2
-2 2
+2 2
+4 8
-1 2
+1 2
cfi=(18)
cfn=(46)
calls=2 61 
* 41
+1 10
cfi=(18)
cfn=(46)
calls=2 61 
* 41
+4 2
-1 2
+5 22
+7 6
+1 1
+3 5
+10 4
cfi=(17)
cfn=(40)
calls=1 94 
* 29
* 1
+3 1
-3 1
+3 1
+5 6
+1 1
-1 3
+1 2
+8 2
+4 3
-4 1
-6 3
-2 3
+8 6
+4 9
-4 3
-6 9
+13 3
+51 3
+2 3
+42 1
-4 1
+5 2
-1 4
+1 2
cfi=(26)
cfn=(72)
calls=1 53 
* 15
* 1
-2 9
+7 1
-1 1
+1 1
-1 2
+7 1
-7 1
+7 2
-13 2
+7 2
-1 2
+1 2
-1 4
+7 2
-7 2
+7 6
+2 8
+1 4
-1 4
+1 3
+2 9
+1 6
+28 18
cfi=(26)
cfn=(72)
calls=2 53 
* 37
* 10
-6 3
-28 6
+31 10
-6 2
+16 2
+2 1
+1 1
-1 1
+2 3
+7 3
+3 3
+3 8
481 9
-1 4
+1 9
202 2
+27 8
-19 4
+8 25
+2 2
+2 8
+2 30
338 6
611 8
cfi=(18)
cfn=(46)
calls=1 61 
* 28
+2 1
-38 1
+38 1
209 2

fn=(136)
60 4
+7 2
-4 22
cfi=(22)
cfn=(104)
calls=2 2189 
* 5185
* 2
+5 4

fl=(17)
fn=(78)
354 4
+2 2
+1 4
+4 33
+7 84
-2 56
+13 1
+4 2
-7 14
-15 44

fn=(36)
103 8
+8 24
-4 8
+4 16
+3 8
cfn=(40)
calls=8 -20 
* 289
* 8

fn=(84)
120 1
+2 3
+7 2

fn=(44) __libc_memalign
52 66
+1 87
+11 63
+3 21
-3 21
+3 42
-3 3
+3 1
-3 1
+3 82
+4 8
+1 4
+6 16
cfi=(37)
cfn=(122)
calls=2 -45 
* 66
+2 10
+4 6
+3 2
+1 2
+2 10
-3 20
+1 20
+2 100
-31 2
-1 5

fn=(40)
94 21
+1 42
cfn=(44)
calls=21 -43 
* 582
* 21

fl=(2)
fn=(152)
529 2
+2 4
cfi=(44)
cfn=(154)
calls=1 380 
* 3039
* 2
+4 2

fn=(98)
664 8

fn=(102)
496 1
+2 1
-2 1
+3 8
cfi=(22)
cfn=(104)
calls=1 2189 
* 2358
* 1
+2 2

fn=(26)
790 1
+19 1
-19 7
2390 1
790 3
+19 1
+3 1
-22 1
2385 1
812 1
+4 2
+1 2
+5 2
2383 2
+7 4
-4 1
+4 8
+2 2
cfi=(13)
cfn=(28)
calls=1 30 
* 66
* 4
cfi=(13)
cfn=(28)
calls=2 30 
* 293
* 9
+4 50
+1 19
-1 57
+3 4
+6 14
2553 3
+30 3
832 3
1033 7
cfi=(15)
cfn=(32)
calls=1 61 
* 250
+2 1
-2 1
+2 1
+1 1
+1 1
+5 2
-5 1
+1 2
+4 1
cfi=(15)
cfn=(48)
calls=1 32 
* 33
+1 3
799 1
1072 1
-3 1
-5 1
+1 1
+2 1
+5 7
+56 5
-55 24
-1 27
+1 47
1175 5
+3 2
+2 2
+2 3
+13 3
+1 6
cfi=(19)
cfn=(54)
calls=1 144 
* 44
* 2
+7 1
+3 1
-5 1
+3 1
+2 1
+1 2
+4 2
+2 2
fi=(3)
30 1
+9 2
+6 1
-2 1
+2 2
+15 1
+5 1
+3 1
+2 1
-3 1
-3 1
-3 14
+10 3
-26 9
+16 19
+10 19
-26 57
+26 1
-26 3
+2 46
+13 16
+2 4
+16 3
+38 3
+5 2
+7 2
+1 3
+16 3
+14 3
+18 2
fe=(2)
1218 2
cfi=(6)
cfn=(10)
calls=1 956 
* 23
+3 2
fi=(20) /build/glibc-LK5gWL/glibc-2.23/elf/setup-vdso.h
24 2
fe=(2)
1243 1
cfi=(8)
cfn=(60)
calls=1 45 
* 93
* 8
-75 2
+1 2
+1 1
-6 2
+1 1
-88 3
+1 1
+50 2
-1 8
+2 4
+1 1
+3 2
+1 2
-1 2
+1 2
+1 2
+1 6
+1 2
-43 1
-2 2
+27 1
-25 2
+7 1
-10 1
+10 1
-19 3
+1 1
fi=(3)
65 4
+3 4
+2 4
fe=(2)
2480 1
+1 1
-1 2
+1 3
cfi=(14)
cfn=(30)
calls=1 24 
* 31
* 2
-55 4
cfi=(14)
cfn=(30)
calls=1 24 
* 18
* 2
+7 4
cfi=(14)
cfn=(30)
calls=1 24 
* 36
* 2
+2 3
+48 3
1248 2
cfi=(22)
cfn=(64)
calls=1 689 
* 1578
+3 3
cfi=(29)
cfn=(86)
calls=1 50 
* 17
+7 1
-7 1
+2 1
+5 1
+3 3
+1 1
+3 1
-3 3
+1 2
+3 1
+5 1
-7 1
+7 1
+1 5
+17 2
+1 2
+5 1
-3 4
+2 2
+1 3
+5 3
+1 5
+2 2
+1 2
+5 2
+5 1
805 1
1314 2
1491 1
cfi=(30)
cfn=(88) _dl_count_modids
calls=1 115 
* 4
* 1
+8 3
+3 1
+4 3
+5 1
+1 1
cfi=(29)
cfn=(90)
calls=1 74 
* 1
+1 1
+4 3
+15 3
+4 1
-2 1
+2 2
+2 3
+1 1
-1 2
+1 1
cfn=(92) handle_ld_preload
calls=1 757 
* 2999
* 1
+1 1
+2 6
+10 3
cfi=(24)
cfn=(68)
calls=1 84 
* 9
* 2
+77 1
-96 1
+96 3
+17 3
+1 1
-1 1
+1 2
-1 1
+1 5
cfi=(41)
cfn=(134)
calls=1 161 
* 6739
+1 1
+2 2
+3 1
-3 3
+3 1
-3 1
+3 3
+1 4
-1 2
+1 12
-1 6
+4 3
+1 3
+1 1
+2 2
+1 6
-1 5
+1 5
-1 3
-3 1
+16 1
+1 2
-1 1
+1 1
+2 1
+2 3
+2 1
-4 1
+5 1
-1 2
+14 2
+1 2
+1 3
+11 1
+2 1
-2 1
+2 2
-1 1
+1 1
-2 3
+2 1
cfi=(32)
cfn=(150)
calls=1 205 
* 3079
+10 1
+1 1
-1 1
+1 1
+1 1
cfn=(160) init_tls
calls=1 589 
* 619
* 1
+2 2
719 1
+2 3
fi=(124) /build/glibc-LK5gWL/glibc-2.23/elf/../sysdeps/unix/sysv/linux/dl-osinfo.h
77 1
fe=(2)
730 1
+7 1
-5 1
1729 3
1959 3
2129 4
+2 1
+5 3
cfi=(30)
cfn=(202) _dl_allocate_tls_init
calls=1 450 
* 147
+3 2
+9 3
+2 2
+15 1
+2 1
-2 2
+3 1
-3 1
+3 1
-3 1
+3 3
cfi=(45)
cfn=(166)
calls=1 149 
* 3984
+1 1
+2 6
+8 1
cfi=(7)
cfn=(204)
calls=1 256 
* 1
+4 3
+20 3
cfi=(29)
cfn=(86)
calls=1 50 
* 8
+1 1
-1 1
+2 1
cfi=(29)
cfn=(90)
calls=1 74 
* 1
+1 1
+4 1
cfi=(43)
cfn=(206)
calls=1 322 
* 15
+5 8
2080 3
+7 1
+2 3
+19 1
-19 4
+2 1
+2 12
+5 8
+2 8
+6 4
+2 8
+1 24
cfi=(45)
cfn=(166)
calls=3 149 
* 67270
+4 14
-22 10
+25 1
+2 5
+6 1
-6 1
+6 1
-10 2
cfi=(30)
cfn=(200) _dl_add_to_slotinfo
calls=1 890 
* 20
* 1
-12 1
+1 1
-3 2
-85 1
+11 1
-7 1
-4 1
+4 3
+4 2
+3 1
1672 2
-39 5
+1 1
-1 3
+4 3
+1 1
+1 2
+1 2
1237 3

fn=(92)
757 7
+1 1
-1 1
-75 1
+86 1
-11 1
-75 6
+80 3
fi=(31) /build/glibc-LK5gWL/glibc-2.23/elf/../string/bits/string2.h
961 1
+1 145
+1 46
-2 46
+2 46
-2 139
+2 1
-2 3
fe=(2)
766 2
+10 4
108 3
779 2
677 1
+5 5
-10 1
+4 1
+1 1
+1 1
+2 1
+2 1
cfi=(32)
cfn=(96)
calls=1 163 
* 2434
+1 3
+13 3
+84 1
-18 3
+21 9
-15 4
cfi=(18)
cfn=(46)
calls=1 61 
* 68
* 1
+1 2

fn=(160)
589 1
+6 1
-6 1
+2 2
+4 1
+10 4
cfi=(17)
cfn=(36)
calls=1 103 
* 38
* 1
+11 1
-5 1
-7 1
+6 1
+2 1
-1 1
+5 1
+2 1
-1 1
+1 10
+2 8
+4 1
+2 1
-2 2
-5 8
+9 3
+3 1
cfi=(30)
cfn=(162) _dl_determine_tlsoffset
calls=1 138 
* 71
+7 1
cfi=(30)
cfn=(164) _dl_allocate_tls_storage
calls=1 354 
* 439
+1 1
-1 1
+1 1
+6 1
+3 1
-3 1
+3 6
+3 1
+2 1
+1 2

fn=(50)
704 10

fn=(52)
710 10

fn=(2)
353 9
+18 4
fi=(5)
59 1
fe=(2)
371 1
fi=(3)
45 1
fi=(5)
+14 2
fe=(2)
397 1
fi=(3)
45 1
fe=(2)
394 1
fi=(3)
45 1
+25 2
-3 1
-7 1
+5 1
+3 1
+2 1
-3 1
-3 1
-3 2
-13 26
+23 13
-26 39
+26 1
-26 3
+2 36
+13 20
+1 16
+10 4
-26 12
+33 2
+20 4
+1 4
+1 4
+1 4
+2 4
+5 4
+1 4
+1 4
+6 3
+5 2
+7 3
+1 3
+8 3
+2 3
+3 2
+1 2
fe=(2)
408 2
302 1
415 1
302 1
cfi=(6)
cfn=(10)
calls=1 956 
* 23
+1 2
+1 2
+1 2
+1 2
+8 1
+9 1
-9 3
+9 1
-6 1
-3 1
+9 1
cfi=(7)
cfn=(12)
calls=1 86 
* 89224
* 1
+9 1
+3 4
+4 1
-4 1
+4 1
440 9
fi=(3)
62 4
+3 4
fe=(2)
413 26
fi=(4)
84 1
+27 1
-28 1
+28 2
+1 2
fi=(5)
519 2
fi=(4)
112 18
fi=(5)
519 18
+1 20
fi=(4)
111 20
fi=(5)
520 10
fi=(4)
111 10
+5 2
+8 1
fi=(5)
314 1
fi=(4)
124 2
+12 1
+1 3
fi=(5)
268 1
fi=(4)
137 1
fi=(5)
296 1
fi=(4)
137 2
fi=(5)
296 1
fi=(4)
136 5
+1 15
fi=(5)
268 5
fi=(4)
137 5
fi=(5)
296 5
fi=(4)
137 10
fi=(5)
296 5
+9 12
+3 6
-3 12
+3 18
+6 36
fi=(3)
68 4
+2 3
fi=(5)
427 12
fi=(4)
124 19
fe=(2)

fl=(24)
fn=(112)
84 8
+1 2

fn=(68)
84 12
+2 15

fn=(132)
84 12
+1 3

fn=(110)
84 28
+1 3
+1 20

fl=(18)
fn=(46)
61 16
+2 16
+2 16
+3 13
+1 13
+2 4
+1 4
+2 4
+1 4
+5 4
+1 4
-1 9
+1 9
+2 3
+1 3
+2 3
+1 6
+5 3
+1 3
-1 10
+1 10
+2 3
+1 3
+2 3
+1 3
+5 3
+1 3
-1 10
+1 10
+2 8
+1 8
+2 8
+1 8
+5 8
+1 8
-1 5
+1 9
+5 4
+1 4
+1 4
+1 4
+2 4
+2 4
+1 4
+2 4
+8 13
+8 6
+6 6
+2 6
+1 6
+3 1
+1 3
+5 1
+1 1
+2 1
+2 1
+1 1
+2 1
-8 1
+1 1
+2 1
+2 1
+1 1
+2 3
+9 1
+1 1
-1 5
+1 5
+3 6
+1 6
+1 6
+5 6
+2 6
+1 6
+1 6
+1 6
+2 6
+1 6
+1 6
+1 6
+2 6
+1 6
+2 6
+22 6
+6 6
+1 6
+2 3

fl=(14)
fn=(30)
24 13
+1 13
+1 13
+1 13
+1 13
+1 13
+1 13
+1 13
+3 13
+1 13
+1 5
+1 5
+1 5
+1 5
+1 5
+1 5
+1 5
+2 12
+1 12
+1 4
+1 4
+1 4
+1 4
+1 4
+1 4
+1 4
+2 12
+1 12
+1 5
+1 5
+1 5
+1 5
+1 2
+1 2
+1 2
+2 9
+1 9
+1 5
+1 5
+1 5
+1 5
+5 4
+1 4
+1 4
+1 4
+1 4
+1 4
+1 4
+1 2
+1 2
+1 2
+1 2
+1 2
+7 2
+2 3
+4 8
+1 8
+1 1
+1 1
+1 1
+1 1
+1 1
+1 1
+1 1
+1 1
+1 1
+1 1
+1 1
+4 9
+1 9

fl=(30)
fn=(164)
354 3
+2 1
+11 3
cfi=(17)
cfn=(44)
calls=1 52 
* 76
* 1
+1 2
+7 2
+4 1
-57 1
+57 296
-58 2
+1 2
cfi=(17)
cfn=(36)
calls=1 103 
* 38
* 1
+1 2
+3 1
+6 2
+64 5

fn=(162)
138 7
+6 3
+3 2
+36 3
+2 10
+3 1
-1 1
+5 2
-5 3
+3 3
+2 5
+16 3
+2 2
-2 2
+2 2
+10 1
-37 2
+25 1
-25 4
+40 4
+1 1
+51 1
+1 8

fn=(88)
115 2
+1 2

fn=(202)
450 2
-1 7
+5 1
+6 3
-6 1
+6 1
-4 1
+16 1
-15 3
+20 6
+6 16
+3 1
+1 2
+6 3
+3 1
-2 2
+2 4
+1 1
+3 1
-1 3
+4 2
+1 4
+2 2
+9 6
cfi=(25)
cfn=(70)
calls=1 61 
* 23
* 4
cfi=(26)
cfn=(72)
calls=1 53 
* 30
* 2
-38 3
+52 2
+2 1
+1 8

fn=(200)
890 3
+9 1
-9 1
+6 2
+8 5
+41 1
+1 3
+1 4

fn=(148)
49 1
+3 4
+48 1
+4 2

fl=(42)
fn=(140)
34 4
-1 4
+1 4
+1 24
+4 1
-4 12

ob=(4)
fl=(55)
fn=(558)
0 8
cob=(2)
cfi=(16)
cfn=(564)
calls=1 0 
0 57
0 1
cfn=(572) 0x0000000000000580
calls=1 0 
0 9
0 3

fn=(572)
0 9

fn=(220)
0 17

totals: 1065714
